= section1.gt 3 3
3 210 \+ 30526 30778 557 128 457 72
3 201 \+ 28769 28907 31 133 184 118
3 209 \+ 30427 30523 317 150 557 140
3 41 \: 30427 30779 317 150 457 72
3 200 \+ 28539 28767 32 187 31 145
3 199 \+ 28370 28536 283 242 32 199
3 208 \+ 30267 30395 560 263 390 234
3 198 \+ 28142 28368 231 296 283 254
3 197 \+ 28045 28139 32 321 231 308
3 207 \+ 29874 30265 548 358 560 275
3 206 \+ 29658 29871 317 410 548 370
3 40 \: 29658 30396 317 410 390 234
3 205 \+ 29489 29655 567 459 566 430
3 196 \+ 27865 28042 32 528 75 488
3 39 \: 27865 29656 32 528 566 430
3 204 \+ 29217 29486 317 525 567 471
3 195 \+ 27746 27862 196 564 224 548
3 194 \+ 27578 27744 175 604 196 576
3 203 \+ 29161 29214 451 620 434 618
3 193 \+ 27435 27576 32 645 175 616
3 202 \+ 28910 29158 317 685 451 632
