= section1.gt 3 5
3 223 \+ 33304 33678 32 72 317 630
3 44 \: 33304 34123 32 72 551 534
3 233 \+ 35675 35846 410 79 163 684
3 222 \+ 33197 33301 32 95 277 93
3 221 \+ 32962 33194 257 163 32 107
3 46 \: 35384 36534 317 195 223 521
3 232 \+ 35384 35635 317 195 401 91
3 220 \+ 32689 32959 289 231 257 175
3 231 \+ 35268 35381 422 231 463 215
3 219 \+ 32551 32686 163 258 289 243
3 230 \+ 35061 35265 498 285 422 243
3 218 \+ 32354 32548 32 299 163 270
3 217 \+ 32079 32351 32 378 32 311
3 43 \: 32079 33302 32 378 277 93
3 229 \+ 34660 35058 468 380 498 297
3 228 \+ 34547 34657 456 407 468 392
3 216 \+ 31925 32076 253 427 192 398
3 227 \+ 34456 34544 562 435 456 419
3 215 \+ 31686 31922 172 482 253 439
3 226 \+ 34125 34454 317 514 562 447
3 45 \: 34125 35382 317 514 463 215
3 214 \+ 31455 31683 154 536 172 494
3 225 \+ 33810 34122 371 590 551 534
3 213 \+ 31180 31452 104 604 154 548
3 224 \+ 33681 33807 317 618 371 602
3 212 \+ 31061 31177 32 631 104 616
3 211 \+ 30781 31059 32 710 32 643
3 42 \: 30781 32077 32 710 192 398
