= section1.gt 3 2
3 312 \+ 53976 54081 393 190 376 175
3 311 \+ 53760 53973 429 245 393 202
3 310 \+ 53611 53757 508 285 429 257
3 304 \+ 52139 52225 63 299 217 297
3 309 \+ 53331 53609 510 353 508 297
3 303 \+ 51770 52136 168 394 63 311
3 60 \: 53179 54684 317 392 249 523
3 308 \+ 53179 53328 317 392 510 365
3 307 \+ 52936 53176 510 455 555 412
3 59 \: 51294 53177 32 513 555 412
3 302 \+ 51294 51767 32 513 168 406
3 306 \+ 52621 52933 317 523 510 467
3 301 \+ 51015 51291 171 590 88 534
3 300 \+ 50929 51012 276 618 171 602
3 305 \+ 52228 52619 317 629 317 535
3 299 \+ 50652 50927 32 672 276 630
