= section1.gt 3 5
3 332 \+ 58815 59020 413 88 70 698
3 322 \+ 56204 56519 32 109 536 684
3 63 \: 56204 57207 32 109 553 521
3 321 \+ 56037 56201 96 158 90 130
3 331 \+ 58525 58813 354 156 413 100
3 65 \: 58242 59021 317 236 70 698
3 330 \+ 58242 58522 317 236 354 168
3 320 \+ 55590 56034 115 267 96 170
3 329 \+ 58117 58239 417 271 486 256
3 319 \+ 55451 55587 32 294 115 279
3 328 \+ 57821 58114 345 339 417 283
3 318 \+ 55226 55448 32 360 32 306
3 62 \: 55226 56202 32 360 90 130
3 327 \+ 57681 57819 455 380 345 351
3 317 \+ 54991 55223 163 423 157 381
3 326 \+ 57489 57678 316 421 455 392
3 325 \+ 57209 57486 317 500 316 433
3 64 \: 57209 58240 317 500 486 256
3 316 \+ 54686 54989 32 505 163 435
3 61 \: 54686 55224 32 505 157 381
3 315 \+ 54518 54683 275 552 249 523
3 324 \+ 56777 57206 400 604 553 521
3 314 \+ 54232 54515 193 620 275 564
3 313 \+ 54084 54229 32 658 193 632
3 323 \+ 56522 56775 536 672 400 616
