= section2.gt 4 7
4 344 \+ 2076 2284 111 79 562 698
4 356 \+ 4471 4640 336 87 177 711
4 69 \: 1841 2482 32 145 449 643
4 343 \+ 1841 2073 32 145 111 91
4 355 \+ 4282 4468 559 164 336 99
4 342 \+ 1613 1838 184 208 189 166
4 72 \: 4070 5867 317 216 194 373
4 354 \+ 4070 4280 317 216 559 176
4 341 \+ 1367 1611 32 274 184 220
4 68 \: 1367 1839 32 274 189 166
4 353 \+ 3749 4067 317 292 531 236
4 340 \+ 1137 1364 207 337 233 294
4 352 \+ 3627 3746 533 333 317 304
4 351 \+ 3370 3624 389 387 533 345
4 350 \+ 3303 3368 346 401 389 399
4 339 \+ 815 1135 222 418 207 349
4 338 \+ 758 812 213 432 222 430
4 337 \+ 614 755 31 459 213 444
4 349 \+ 3043 3301 317 480 346 413
4 71 \: 3043 4068 317 480 531 236
4 336 \+ 335 611 32 539 31 471
4 67 \: 335 1365 32 539 233 294
4 348 \+ 2801 3040 508 543 572 501
4 335 \+ 217 332 232 574 287 559
4 347 \+ 2676 2798 451 571 508 555
4 334 \+ 142 215 153 588 232 586
4 333 \+ 61 139 32 610 153 600
4 66 \: 61 333 32 610 287 559
4 346 \+ 2484 2673 317 623 451 583
4 70 \: 2484 3041 317 623 572 501
4 345 \+ 2287 2481 562 686 449 643
