= intro.gt 2 5
2 24 \+ 5843 5975 316 82 141 711
2 15 \+ 3340 3614 168 88 453 684
2 6 \: 5617 6866 317 148 287 507
2 23 \+ 5617 5840 317 148 316 94
2 14 \+ 2826 3338 223 224 168 100
2 22 \+ 5285 5614 530 238 546 168
2 21 \+ 4878 5282 422 333 530 250
2 3 \: 2298 3615 32 372 453 684
2 13 \+ 2298 2824 32 372 223 236
2 20 \+ 4639 4875 317 399 422 345
2 5 \: 4639 5615 317 399 546 168
2 12 \+ 1985 2295 105 448 272 392
2 19 \+ 4478 4636 494 448 470 419
2 18 \+ 4278 4475 364 489 494 460
2 11 \+ 1741 1982 275 516 105 460
2 10 \+ 1664 1738 166 530 275 528
2 17 \+ 3948 4276 351 571 364 501
2 9 \+ 1366 1662 62 598 166 542
2 8 \+ 1309 1363 32 623 62 610
2 2 \: 1309 2296 32 623 272 392
2 16 \+ 3617 3945 317 663 351 583
2 4 \: 3617 4637 317 663 470 419
2 7 \+ 1131 1306 160 672 205 643
