= section2.gt 4 4
4 387 \+ 11379 11514 32 100 317 659
4 79 \: 11379 12427 32 100 553 441
4 401 \+ 13938 14080 404 145 286 698
4 386 \+ 11058 11376 197 190 131 120
4 400 \+ 13787 13935 509 186 404 157
4 399 \+ 13684 13785 442 213 509 198
4 385 \+ 10822 11056 141 244 197 202
4 398 \+ 13486 13681 557 267 442 225
4 384 \+ 10679 10819 252 285 141 256
4 81 \: 13378 14334 317 292 165 630
4 397 \+ 13378 13483 317 292 557 279
4 396 \+ 12718 12928 316 342 534 313
4 395 \+ 12615 12715 385 369 316 354
4 383 \+ 10275 10676 152 380 252 297
4 394 \+ 12429 12612 317 421 385 381
4 80 \: 12429 13376 317 421 543 313
4 382 \+ 10077 10272 264 435 152 392
4 381 \+ 9975 10074 32 460 264 447
4 78 \: 9975 11377 32 460 131 120
4 393 \+ 12319 12426 571 457 553 441
4 392 \+ 12181 12316 440 484 571 469
4 380 \+ 9679 9972 105 536 166 480
4 391 \+ 11973 12178 469 538 440 496
4 390 \+ 11873 11971 503 565 469 550
4 389 \+ 11754 11870 464 593 503 577
4 379 \+ 9351 9677 107 618 105 548
4 388 \+ 11516 11751 317 647 464 605
4 378 \+ 9168 9348 32 658 107 630
4 377 \+ 9030 9165 158 699 32 670
