= section2.gt 4 5
4 445 \+ 26275 26549 32 74 316 657
4 92 \: 26275 27426 32 74 513 453
4 455 \+ 28621 28851 418 115 32 711
4 444 \+ 25962 26272 264 164 172 95
4 94 \: 28392 30148 317 181 69 398
4 454 \+ 28392 28619 317 181 418 127
4 443 \+ 25722 25959 190 219 264 176
4 453 \+ 28207 28389 375 231 468 202
4 452 \+ 27987 28204 361 285 375 243
4 442 \+ 25310 25719 32 323 190 231
4 91 \: 25310 26273 32 323 172 95
4 451 \+ 27676 27984 432 367 361 297
4 450 \+ 27428 27673 317 432 432 379
4 93 \: 27428 28390 317 432 468 202
4 441 \+ 25014 25270 191 475 72 419
4 449 \+ 27193 27425 492 495 513 453
4 440 \+ 24924 25011 32 500 191 487
4 90 \: 24924 25271 32 500 72 419
4 448 \+ 27020 27191 477 536 492 507
4 447 \+ 26748 27017 510 604 477 548
4 446 \+ 26551 26745 316 645 510 616
4 439 \+ 24223 24921 254 686 220 521
