= section2.gt 4 4
4 466 \+ 31285 31522 193 88 560 698
4 465 \+ 31104 31282 105 129 193 100
4 474 \+ 33919 34069 317 143 245 698
4 98 \: 33919 35107 317 143 132 322
4 96 \: 31032 31791 32 154 515 630
4 464 \+ 31032 31101 32 154 105 141
4 473 \+ 33785 33916 496 190 332 161
4 463 \+ 30826 31029 101 203 287 175
4 462 \+ 30658 30823 83 244 101 215
4 472 \+ 33374 33782 368 285 496 202
4 461 \+ 30435 30655 114 299 83 256
4 471 \+ 33226 33371 504 326 368 297
4 470 \+ 33030 33224 356 367 504 338
4 460 \+ 30150 30432 32 378 114 311
4 95 \: 30150 31030 32 378 287 175
4 459 \+ 30085 30147 32 400 69 398
4 469 \+ 32238 32730 401 489 346 379
4 458 \+ 29564 30082 220 536 32 412
4 468 \+ 31793 32236 317 609 401 501
4 97 \: 31793 33917 317 609 332 161
4 457 \+ 29208 29561 139 618 220 548
4 467 \+ 31525 31790 560 686 515 630
4 456 \+ 28854 29205 32 699 139 630
