= section2.gt 4 3
4 499 \+ 38312 38485 559 61 31 670
4 486 \+ 35721 35766 74 89 317 711
4 498 \+ 38166 38309 415 88 559 73
4 497 \+ 38006 38163 491 129 415 100
4 485 \+ 35515 35718 138 144 74 101
4 101 \: 37878 40083 317 167 232 290
4 496 \+ 37878 38003 317 167 491 141
4 484 \+ 35276 35512 32 209 138 156
4 495 \+ 37530 37875 317 258 402 188
4 99 \: 35109 36581 32 304 512 521
4 483 \+ 35109 35273 32 304 257 275
4 494 \+ 37189 37528 556 353 317 270
4 482 \+ 34871 35106 70 365 132 322
4 493 \+ 37140 37187 570 367 556 365
4 481 \+ 34688 34869 268 419 70 377
4 492 \+ 36898 37137 493 421 570 379
4 480 \+ 34573 34686 240 446 268 431
4 478 \+ 34474 34521 35 460 272 472
4 479 \+ 34524 34570 272 460 240 458
4 491 \+ 36708 36895 385 462 493 433
4 490 \+ 36583 36705 317 500 385 474
4 100 \: 36583 37876 317 500 402 188
4 489 \+ 36439 36580 373 536 512 521
4 477 \+ 34347 34470 61 552 105 537
4 488 \+ 36114 36436 431 618 373 548
4 476 \+ 34177 34345 208 658 61 564
4 475 \+ 34071 34174 245 686 208 670
4 487 \+ 35768 36112 317 699 431 630
