= section2.gt 4 3
4 512 \+ 40654 41052 129 122 450 684
4 523 \+ 42930 43322 577 168 138 711
4 104 \: 42825 45545 317 195 123 575
4 522 \+ 42825 42927 317 195 577 180
4 511 \+ 40347 40651 272 203 129 134
4 521 \+ 42755 42822 402 231 450 229
4 102 \: 40085 41464 32 269 372 575
4 510 \+ 40085 40344 32 269 272 215
4 520 \+ 42522 42753 571 299 402 243
4 509 \+ 39953 40082 126 305 232 290
4 519 \+ 42340 42520 487 339 571 311
4 508 \+ 39764 39951 278 359 126 317
4 518 \+ 42032 42338 358 407 487 351
4 507 \+ 39551 39762 281 414 278 371
4 506 \+ 39381 39548 244 454 281 426
4 517 \+ 41845 42029 520 462 358 419
4 516 \+ 41706 41842 380 489 520 474
4 505 \+ 39203 39379 182 495 244 466
4 504 \+ 39125 39201 87 509 182 507
4 503 \+ 39016 39122 84 536 87 521
4 515 \+ 41466 41703 317 555 380 501
4 103 \: 41466 42823 317 555 450 229
4 502 \+ 38899 39013 75 563 84 548
4 514 \+ 41265 41463 380 618 372 575
4 501 \+ 38643 38897 212 631 75 575
4 500 \+ 38487 38640 31 658 212 643
4 513 \+ 41054 41262 450 672 380 630
