= section3.gt 5 5
5 649 \+ 3282 3389 145 60 412 698
5 648 \+ 3074 3280 192 114 145 72
5 660 \+ 5236 5492 521 128 414 72
5 647 \+ 2951 3072 118 141 192 126
5 659 \+ 5168 5233 452 142 521 140
5 646 \+ 2777 2948 32 193 118 153
5 658 \+ 4938 5166 383 196 452 154
5 657 \+ 4718 4935 435 251 383 208
5 656 \+ 4638 4715 317 264 435 263
5 129 \: 2677 3390 32 287 412 698
5 645 \+ 2677 2774 32 287 275 274
5 644 \+ 2501 2674 162 336 215 307
5 655 \+ 4404 4635 524 332 317 276
5 643 \+ 2334 2498 145 377 162 348
5 654 \+ 4187 4401 568 387 524 344
5 642 \+ 2047 2331 32 456 145 389
5 128 \: 2047 2675 32 456 215 307
5 653 \+ 3920 4184 317 452 568 399
5 131 \: 3920 5493 317 452 414 72
5 641 \+ 1835 2044 150 519 107 477
5 652 \+ 3708 3917 489 515 436 473
5 651 \+ 3581 3705 402 542 489 527
5 640 \+ 1646 1832 32 569 150 531
5 127 \: 1646 2045 32 569 107 477
5 650 \+ 3392 3578 317 594 402 554
5 130 \: 3392 3918 317 594 436 473
5 639 \+ 1496 1611 194 658 247 643
5 638 \+ 1350 1492 32 686 194 670
