= section3.gt 5 5
5 707 \+ 14278 14380 317 64 265 698
5 140 \: 14101 14717 317 170 280 564
5 706 \+ 14101 14275 317 170 336 130
5 705 \+ 13863 14098 352 233 409 191
5 704 \+ 13689 13860 317 285 352 245
5 694 \+ 12259 12358 32 317 316 684
5 138 \: 12259 13601 32 317 385 385
5 703 \+ 13603 13686 317 367 483 351
5 139 \: 13603 14099 317 367 409 191
5 693 \+ 11955 12256 277 407 119 338
5 702 \+ 13422 13600 316 414 385 385
5 692 \+ 11701 11952 108 462 277 419
5 701 \+ 13130 13419 540 495 316 426
5 691 \+ 11523 11698 32 514 108 474
5 137 \: 11523 12257 32 514 119 338
5 700 \+ 12930 13127 356 536 540 507
5 699 \+ 12907 12927 510 550 356 548
5 698 \+ 12726 12904 468 590 510 562
5 690 \+ 11197 11520 246 604 213 534
5 697 \+ 12670 12723 473 604 468 602
5 689 \+ 11103 11194 56 618 246 616
5 696 \+ 12533 12667 347 631 473 616
5 695 \+ 12360 12530 316 672 347 643
5 688 \+ 10873 11100 277 686 56 630
5 687 \+ 10771 10870 32 710 277 698
5 136 \: 10771 11521 32 710 213 534
