= section3.gt 5 5
5 763 \+ 25586 25666 32 66 445 698
5 153 \: 25586 26242 32 66 546 562
5 777 \+ 27671 27983 519 116 103 698
5 776 \+ 27531 27668 379 144 519 128
5 762 \+ 25207 25583 151 170 73 87
5 775 \+ 27416 27528 360 171 379 156
5 774 \+ 27295 27413 564 212 360 183
5 761 \+ 25008 25204 265 224 151 182
5 773 \+ 27126 27292 553 252 564 224
5 760 \+ 24809 25005 74 265 265 236
5 772 \+ 27011 27124 317 277 553 264
5 759 \+ 24628 24807 32 317 74 277
5 152 \: 24628 25584 32 317 73 87
5 771 \+ 26861 27008 377 374 553 359
5 155 \: 26795 27984 317 399 103 698
5 770 \+ 26795 26858 317 399 377 386
5 758 \+ 24255 24625 262 421 139 338
5 769 \+ 26666 26792 527 435 572 419
5 768 \+ 26457 26663 566 489 527 447
5 757 \+ 23859 24253 113 516 262 433
5 767 \+ 26244 26454 317 541 566 501
5 154 \: 26244 26793 317 541 572 419
5 756 \+ 23736 23856 32 554 113 528
5 151 \: 23736 24626 32 554 139 338
5 755 \+ 23575 23733 32 590 257 575
5 766 \+ 26072 26241 551 590 546 562
5 754 \+ 23427 23573 133 631 32 602
5 765 \+ 25862 26070 317 631 551 602
5 753 \+ 23335 23424 209 658 133 643
5 764 \+ 25669 25859 445 686 317 643
5 752 \+ 23129 23332 32 699 209 670
