= intro.gt 2 3
= section1.gt 3 1
3 66 \+ 49 217 317 87 58 698
3 14 \: 49 398 317 87 76 657
2 49 \+ 11503 11858 167 161 137 123
2 65 \+ 15560 15618 364 190 353 188
2 55 \+ 13366 13624 32 238 577 711
2 64 \+ 15371 15557 502 244 364 202
2 12 \: 13205 15063 32 292 411 344
2 54 \+ 13205 13363 32 292 32 250
2 63 \+ 15065 15368 317 324 502 256
2 13 \: 15065 15619 317 324 353 188
2 62 \+ 14920 15062 531 373 411 344
2 53 \+ 12878 13202 90 380 58 311
2 52 \+ 12711 12875 102 421 90 392
2 61 \+ 14687 14917 482 427 531 385
2 51 \+ 12455 12709 165 489 102 433
2 60 \+ 14422 14684 537 495 482 439
2 59 \+ 14144 14419 544 563 537 507
2 48 \+ 11115 11501 207 611 167 170
2 58 \+ 13904 14141 396 618 544 575
2 47 \+ 10977 11112 32 649 207 623
2 11 \: 10977 13203 32 649 58 311
2 57 \+ 13795 13902 371 645 396 630
2 46 \+ 10802 10974 161 699 181 670
2 56 \+ 13626 13793 577 699 371 657
