= section3.gt 5 4
5 855 \+ 41486 41709 317 65 276 670
5 169 \: 41486 42625 317 65 109 439
5 840 \+ 39199 39396 32 100 536 711
5 167 \: 39199 39988 32 100 528 562
5 854 \+ 41362 41483 415 99 465 83
5 839 \+ 39112 39196 67 122 187 120
5 838 \+ 39047 39108 32 135 67 134
5 853 \+ 41066 41359 317 178 415 111
5 837 \+ 38627 39045 230 244 32 147
5 836 \+ 38510 38624 213 271 230 256
5 835 \+ 38331 38507 186 312 213 283
5 852 \+ 40883 41063 421 312 466 283
5 851 \+ 40819 40880 389 326 421 324
5 850 \+ 40696 40817 317 353 389 338
5 849 \+ 40614 40693 464 380 317 365
5 834 \+ 37942 38328 195 407 186 324
5 848 \+ 40441 40611 408 421 464 392
5 847 \+ 40261 40439 317 462 408 433
5 833 \+ 37663 37940 195 475 195 419
5 832 \+ 37570 37660 277 503 195 487
5 846 \+ 40047 40258 348 516 317 474
5 831 \+ 37467 37567 32 528 277 515
5 166 \: 37467 39197 32 528 187 120
5 845 \+ 39990 40045 317 541 348 528
5 168 \: 39990 41484 317 541 465 83
5 830 \+ 37404 37464 278 550 287 548
5 829 \+ 37305 37402 68 563 278 562
5 844 \+ 39837 39987 317 577 528 562
5 828 \+ 37075 37302 70 618 68 575
5 843 \+ 39723 39834 560 618 317 589
5 842 \+ 39619 39721 316 631 560 630
5 827 \+ 36840 37072 32 672 70 630
5 841 \+ 39399 39617 536 699 316 643
