= section3.gt 5 4
5 869 \+ 43872 44045 86 88 420 711
5 171 \: 43586 44455 32 170 467 616
5 868 \+ 43586 43869 32 170 86 100
5 876 \+ 45940 46117 437 173 129 711
5 867 \+ 43533 43583 143 190 111 188
5 875 \+ 45792 45937 529 214 437 185
5 866 \+ 43216 43530 208 271 143 202
5 173 \: 45475 46577 317 293 224 602
5 874 \+ 45475 45790 317 293 529 226
5 865 \+ 43094 43213 157 299 208 283
5 864 \+ 42919 43092 111 339 157 311
5 863 \+ 42727 42916 234 394 111 351
5 873 \+ 45109 45472 577 397 436 314
5 862 \+ 42627 42724 32 419 234 406
5 170 \: 42627 43584 32 419 111 188
5 861 \+ 42392 42624 72 482 109 439
5 872 \+ 44753 45107 558 478 577 409
5 860 \+ 42278 42389 72 509 72 494
5 859 \+ 42183 42276 134 536 72 521
5 871 \+ 44478 44751 317 541 558 490
5 172 \: 44478 45473 317 541 436 314
5 858 \+ 41964 42181 146 590 134 548
5 857 \+ 41810 41961 220 631 146 602
5 856 \+ 41712 41808 276 658 220 643
5 870 \+ 44048 44454 420 699 467 616
