= section4.gt 6 5
6 894 \+ 2215 2471 32 94 495 684
6 222 \: 2215 3485 32 94 444 439
6 893 \+ 2030 2212 32 143 107 115
6 904 \+ 4493 5009 471 156 32 684
6 892 \+ 1716 2028 133 225 32 155
6 224 \: 4253 5473 317 221 160 575
6 903 \+ 4253 4491 317 221 471 168
6 891 \+ 1485 1713 73 279 133 237
6 902 \+ 3904 4250 485 312 568 243
6 890 \+ 1304 1482 272 334 73 291
6 889 \+ 1147 1302 32 372 272 346
6 221 \: 1147 2213 32 372 107 115
6 901 \+ 3615 3902 409 380 485 324
6 888 \+ 1037 1144 94 408 79 393
6 900 \+ 3487 3613 317 419 409 392
6 223 \: 3487 4251 317 419 568 243
6 899 \+ 3336 3484 557 468 444 439
6 887 \+ 790 1034 255 476 94 420
6 898 \+ 3223 3334 561 495 557 480
6 886 \+ 575 787 278 530 255 488
6 897 \+ 2972 3220 451 550 561 507
6 885 \+ 393 573 205 571 278 542
6 884 \+ 274 391 167 598 205 583
6 896 \+ 2720 2970 316 604 451 562
6 883 \+ 39 271 32 661 167 610
6 220 \: 39 1145 32 661 79 393
6 895 \+ 2473 2718 495 672 316 616
