= section4.gt 6 4
6 925 \+ 9820 10114 317 75 115 670
6 915 \+ 7272 7611 160 88 503 670
6 228 \: 9712 11656 317 115 287 303
6 924 \+ 9712 9817 317 115 317 87
6 914 \+ 6950 7269 216 170 160 100
6 923 \+ 9491 9709 556 176 521 134
6 922 \+ 9187 9489 411 244 556 188
6 913 \+ 6629 6947 227 251 216 182
6 226 \: 6540 8412 32 276 387 466
6 912 \+ 6540 6626 32 276 227 263
6 921 \+ 8889 9185 511 326 411 256
6 911 \+ 6291 6537 275 353 163 297
6 920 \+ 8732 8886 569 367 511 338
6 919 \+ 8493 8729 467 421 569 379
6 910 \+ 5942 6288 213 435 275 365
6 918 \+ 8414 8490 317 446 467 433
6 227 \: 8414 9710 317 446 521 134
6 909 \+ 5806 5939 86 462 213 447
6 917 \+ 8128 8411 372 522 387 466
6 908 \+ 5475 5803 32 557 86 474
6 225 \: 5475 6538 32 557 163 297
6 907 \+ 5283 5472 287 618 160 575
6 906 \+ 5082 5281 84 658 287 630
6 916 \+ 7613 8125 503 658 372 534
6 905 \+ 5011 5079 32 672 84 670
