= section4.gt 6 3
6 945 \+ 14547 14787 317 89 177 684
6 231 \: 14547 15770 317 89 114 439
6 944 \+ 14250 14544 484 165 572 109
6 935 \+ 12071 12408 183 176 478 698
6 934 \+ 11867 12068 277 231 183 188
6 933 \+ 11783 11864 116 244 277 243
6 943 \+ 13783 14247 372 274 484 177
6 229 \: 11658 12872 32 283 558 589
6 932 \+ 11658 11781 32 283 116 256
6 942 \+ 13715 13780 316 288 372 286
6 931 \+ 11517 11655 180 318 287 303
6 941 \+ 13432 13712 550 369 316 300
6 930 \+ 11240 11514 179 386 180 330
6 929 \+ 11039 11237 32 427 179 398
6 928 \+ 10838 11036 145 482 32 439
6 940 \+ 13163 13429 413 489 550 381
6 939 \+ 13068 13161 490 516 413 501
6 938 \+ 12874 13065 317 568 490 528
6 230 \: 12874 14545 317 568 572 109
6 927 \+ 10370 10836 32 590 145 494
6 937 \+ 12642 12871 519 631 558 589
6 926 \+ 10116 10367 115 658 32 602
6 936 \+ 12411 12640 478 686 519 643
