= section4.gt 6 4
6 958 \+ 17066 17320 104 75 553 684
6 957 \+ 16858 17064 166 129 104 87
6 967 \+ 19477 19965 317 127 231 670
6 235 \: 19477 20510 317 127 161 534
6 966 \+ 19374 19474 566 163 517 147
6 233 \: 16612 17996 32 194 371 507
6 956 \+ 16612 16855 32 194 166 141
6 955 \+ 16490 16609 66 231 98 215
6 965 \+ 19082 19371 550 231 566 175
6 954 \+ 16313 16487 267 285 66 243
6 964 \+ 18803 19079 316 285 550 243
6 953 \+ 16023 16310 201 353 267 297
6 952 \+ 15816 16021 255 407 201 365
6 951 \+ 15772 15813 32 419 255 419
6 232 \: 15772 16610 32 419 98 215
6 963 \+ 18136 18801 434 448 316 297
6 962 \+ 17998 18133 317 486 434 460
6 234 \: 17998 19475 317 486 517 147
6 950 \+ 15519 15769 236 495 114 439
6 949 \+ 15439 15516 142 509 236 507
6 961 \+ 17800 17995 433 550 371 507
6 948 \+ 15169 15436 202 577 142 521
6 947 \+ 14921 15166 54 631 202 589
6 960 \+ 17466 17797 428 631 433 562
6 946 \+ 14789 14918 177 672 54 643
6 959 \+ 17323 17463 553 672 428 643
