= section4.gt 6 4
6 976 \+ 22143 22433 32 102 374 698
6 984 \+ 24722 25015 475 115 229 711
6 237 \: 21792 22791 32 195 463 616
6 975 \+ 21792 22140 32 195 32 114
6 239 \: 24345 25200 317 208 279 670
6 983 \+ 24345 24720 317 208 475 127
6 974 \+ 21651 21789 134 231 249 215
6 973 \+ 21423 21648 123 285 134 243
6 982 \+ 23855 24342 348 326 550 229
6 972 \+ 21075 21420 93 367 123 297
6 971 \+ 20983 21072 185 394 93 379
6 970 \+ 20838 20980 276 435 185 406
6 981 \+ 23422 23853 389 435 348 338
6 980 \+ 23164 23420 476 503 389 447
6 969 \+ 20512 20835 32 514 276 447
6 236 \: 20512 21790 32 514 249 215
6 979 \+ 23032 23161 363 530 476 515
6 978 \+ 22793 23029 317 596 363 542
6 238 \: 22793 24343 317 596 550 229
6 968 \+ 19967 20509 231 658 161 534
6 977 \+ 22436 22790 374 686 463 616
