= section4.gt 6 4
6 1056 \+ 40299 40456 56 81 553 711
6 1065 \+ 42732 42955 387 102 129 711
6 1055 \+ 40170 40296 253 122 56 93
6 1064 \+ 42303 42729 415 211 387 114
6 1054 \+ 39724 40168 208 231 253 134
6 1063 \+ 42069 42301 561 279 415 223
6 1053 \+ 39422 39721 62 299 208 243
6 1052 \+ 39258 39420 80 339 62 311
6 1062 \+ 41747 42067 351 347 561 291
6 1051 \+ 39115 39256 164 380 80 351
6 1061 \+ 41607 41744 450 387 351 359
6 252 \: 38974 40457 32 418 553 711
6 1050 \+ 38974 39112 32 418 164 392
6 254 \: 41432 42956 317 440 129 711
6 1060 \+ 41432 41604 317 440 450 399
6 1059 \+ 41199 41429 376 503 423 460
6 1049 \+ 38650 38971 131 509 130 439
6 1058 \+ 40925 41196 421 571 376 515
6 1048 \+ 38342 38647 231 590 131 521
6 1057 \+ 40459 40923 317 691 421 583
6 253 \: 40459 41430 317 691 423 460
6 1047 \+ 37863 38339 32 710 231 602
6 251 \: 37863 38972 32 710 130 439
