= section4.gt 6 6
6 1123 \+ 56618 56779 499 88 184 711
6 1114 \+ 53969 54147 239 101 287 72
6 268 \: 56466 58440 317 127 482 670
6 1122 \+ 56466 56615 317 127 499 100
6 1113 \+ 53808 53967 261 141 239 113
6 1112 \+ 53749 53806 171 155 261 153
6 1111 \+ 53606 53747 217 196 171 167
6 1121 \+ 56086 56463 392 217 566 147
6 1110 \+ 53405 53603 54 237 217 208
6 1109 \+ 53295 53402 32 277 54 249
6 265 \: 53295 54148 32 277 287 72
6 1120 \+ 55718 56082 488 312 392 229
6 1108 \+ 52963 53292 149 374 150 304
6 1119 \+ 55400 55715 562 394 488 324
6 1107 \+ 52862 52960 180 401 149 386
6 1118 \+ 55183 55397 317 448 562 406
6 267 \: 55183 56464 317 448 566 147
6 1106 \+ 52662 52859 32 453 180 413
6 264 \: 52662 53293 32 453 150 304
6 1105 \+ 52384 52659 215 530 178 474
6 1117 \+ 54744 55180 524 563 439 466
6 1104 \+ 52203 52382 143 571 215 542
6 1116 \+ 54380 54741 374 645 524 575
6 1103 \+ 51910 52201 32 652 143 583
6 263 \: 51910 52660 32 652 178 474
6 1102 \+ 51800 51907 69 686 72 670
6 1115 \+ 54150 54377 317 710 374 657
6 266 \: 54150 55181 317 710 439 466
