= section4.gt 6 4
6 1230 \+ 78394 78558 317 68 61 670
6 289 \: 78394 79901 317 68 79 344
6 1217 \+ 75768 75962 32 87 431 711
6 1229 \+ 78177 78391 421 129 421 87
6 1216 \+ 75513 75765 118 155 32 99
6 1215 \+ 75333 75510 32 196 118 167
6 1214 \+ 75214 75330 226 237 32 208
6 1228 \+ 77742 78174 437 238 421 141
6 1227 \+ 77631 77739 409 265 437 250
6 1213 \+ 74774 75211 172 345 226 249
6 1226 \+ 77273 77628 519 360 409 277
6 1212 \+ 74644 74772 58 373 172 357
6 1225 \+ 77134 77270 373 387 519 372
6 1211 \+ 74477 74641 32 413 58 385
6 1224 \+ 77016 77131 317 426 373 399
6 288 \: 77016 78392 317 426 421 87
6 1223 \+ 76860 77013 359 462 542 447
6 1210 \+ 74303 74474 258 468 32 425
6 286 \: 74203 76199 32 493 507 657
6 1209 \+ 74203 74300 32 493 258 480
6 1222 \+ 76759 76857 395 489 359 474
6 1221 \+ 76683 76756 562 516 395 501
6 1208 \+ 73981 74200 112 556 83 513
6 1207 \+ 73918 73979 32 580 112 568
6 1220 \+ 76416 76681 540 584 562 528
6 1206 \+ 73834 73915 65 631 182 630
6 1219 \+ 76201 76413 317 636 540 596
6 287 \: 76201 77014 317 636 542 447
6 1205 \+ 73679 73831 146 672 65 643
6 1218 \+ 75965 76198 431 699 507 657
