= section1.gt 3 4
3 136 \+ 14062 14291 317 112 98 711
3 125 \+ 11938 12208 115 122 287 79
3 124 \+ 11747 11936 266 176 115 134
3 135 \+ 14031 14060 383 178 539 190
3 134 \+ 13873 14029 402 219 383 190
3 123 \+ 11489 11744 32 231 266 188
3 27 \: 13745 14816 317 255 237 589
3 133 \+ 13745 13870 317 255 402 231
3 122 \+ 11207 11486 54 299 32 243
3 121 \+ 10972 11204 32 353 54 311
3 132 \+ 13535 13706 466 380 507 351
3 120 \+ 10743 10969 32 419 32 365
3 24 \: 10743 12209 32 419 287 79
3 131 \+ 13334 13532 317 432 466 392
3 26 \: 13334 13707 317 432 507 351
3 130 \+ 13020 13331 436 509 567 453
3 119 \+ 10332 10740 82 522 180 439
3 118 \+ 10192 10329 199 563 82 534
3 129 \+ 12724 13018 374 577 436 521
3 128 \+ 12498 12721 387 631 374 589
3 117 \+ 9845 10189 106 645 199 575
3 127 \+ 12383 12495 392 658 387 643
3 116 \+ 9754 9842 204 672 106 657
3 115 \+ 9679 9751 128 686 204 684
3 126 \+ 12211 12380 317 710 392 670
3 25 \: 12211 13332 317 710 567 453
