= section4.gt 6 6
6 1241 \+ 80757 80919 153 102 157 73
6 1240 \+ 80563 80754 32 156 153 114
6 291 \: 80563 80920 32 156 157 73
6 1251 \+ 82712 83157 317 177 108 711
6 295 \: 82712 84269 317 177 153 439
6 1239 \+ 80269 80560 201 231 246 175
6 1238 \+ 80088 80266 132 271 201 243
6 1250 \+ 82525 82675 523 279 455 250
6 1249 \+ 82334 82522 417 319 523 291
6 1237 \+ 79903 80085 32 324 132 283
6 290 \: 79903 80561 32 324 246 175
6 1248 \+ 82174 82331 406 360 417 331
6 1236 \+ 79679 79900 66 386 79 344
6 1247 \+ 82049 82172 317 399 406 372
6 294 \: 82049 82676 317 399 455 250
6 1235 \+ 79475 79676 164 441 66 398
6 1246 \+ 81890 82046 454 448 448 419
6 1234 \+ 79316 79472 198 482 164 453
6 1245 \+ 81629 81888 500 516 454 460
6 1244 \+ 81425 81626 317 571 500 528
6 293 \: 81425 82047 317 571 448 419
6 1233 \+ 78946 79313 277 577 198 494
6 1232 \+ 78668 78943 32 631 277 589
6 1231 \+ 78560 78665 61 658 32 643
6 1243 \+ 81093 81422 363 658 357 589
6 1242 \+ 80922 81090 317 710 363 670
6 292 \: 80922 81423 317 710 357 589
