= section4.gt 6 3
= section5.gt 7 1
6 1345 \+ 110635 111075 106 75 397 684
7 1351 \+ 277 929 316 133 216 643
6 1344 \+ 110142 110633 266 143 106 87
6 1343 \+ 109918 110139 196 197 266 155
7 316 \: 48 1434 317 195 201 521
7 1350 \+ 48 274 317 195 316 145
6 1342 \+ 109678 109916 155 238 196 209
6 1341 \+ 109449 109675 144 319 155 250
6 1349 \+ 0 0 374 326 551 283
6 314 \: 108592 111076 32 412 346 453
6 1340 \+ 109269 109446 32 412 144 331
6 1348 \+ 0 0 317 432 374 338
6 315 \: 111078 111752 317 432 551 283
6 1338 \+ 108592 108932 112 516 193 487
6 1347 \+ 111493 111751 387 550 346 453
6 1337 \+ 108194 108369 32 568 112 528
6 313 \: 108020 108590 32 568 272 433
6 1346 \+ 111078 111490 397 672 387 562
6 1336 \+ 108020 108191 287 686 166 589
