= section5.gt 7 3
7 1385 \+ 8069 8342 168 77 437 670
7 1393 \+ 10082 10242 456 81 151 698
7 321 \: 7826 8799 32 140 492 426
7 1384 \+ 7826 8066 32 140 168 89
7 1392 \+ 9763 10079 441 163 456 93
7 1383 \+ 7648 7787 101 231 246 215
7 1391 \+ 9338 9761 478 272 441 175
7 1382 \+ 7461 7645 287 285 101 243
7 1381 \+ 7311 7458 118 312 287 297
7 1390 \+ 9089 9335 344 326 478 284
7 1380 \+ 7166 7308 258 353 118 324
7 1379 \+ 7033 7164 164 380 258 365
7 322 \: 8801 10760 317 406 208 575
7 1389 \+ 8801 9086 317 406 344 338
7 1378 \+ 6861 7030 179 421 164 392
7 1377 \+ 6555 6859 32 500 179 433
7 320 \: 6555 7788 32 500 246 215
7 1388 \+ 8470 8798 553 496 492 426
7 1387 \+ 8397 8467 317 520 553 508
7 1376 \+ 6209 6552 76 590 92 521
7 1375 \+ 6158 6207 88 604 76 602
7 1386 \+ 8345 8394 437 658 402 657
