= section5.gt 7 3
7 324 \: 12565 13573 32 100 430 452
7 1404 \+ 12565 12686 32 100 98 73
7 1410 \+ 14486 15010 499 135 197 657
7 1403 \+ 12383 12562 248 163 66 120
7 1402 \+ 12152 12380 218 217 248 175
7 1409 \+ 14004 14483 317 255 499 147
7 1401 \+ 11707 12149 251 326 218 229
7 1400 \+ 11608 11704 80 339 251 338
7 1399 \+ 11540 11605 289 367 80 351
7 1408 \+ 13750 14001 356 379 507 337
7 1398 \+ 11226 11537 148 435 289 379
7 325 \: 13575 15011 317 431 197 657
7 1407 \+ 13575 13747 317 431 356 391
7 1397 \+ 10963 11223 243 503 148 447
7 1406 \+ 13154 13572 498 548 430 452
7 1396 \+ 10762 10961 32 555 243 515
7 323 \: 10762 12563 32 555 66 120
7 1395 \+ 10531 10759 201 618 208 575
7 1405 \+ 12689 13151 317 668 498 560
7 1394 \+ 10245 10528 151 686 201 630
