= section1.gt 3 4
3 159 \+ 18541 19126 317 116 203 630
3 31 \: 18541 19871 317 116 205 453
3 149 \+ 16152 16334 250 145 81 103
3 29 \: 16002 16965 32 184 457 537
3 148 \+ 16002 16149 32 184 250 157
3 158 \+ 18223 18538 486 206 428 136
3 147 \+ 15786 15999 192 247 166 204
3 157 \+ 18058 18221 478 246 486 218
3 146 \+ 15628 15783 165 288 192 259
3 156 \+ 17834 18055 462 301 478 258
3 145 \+ 15513 15626 104 315 165 300
3 144 \+ 15299 15511 142 369 104 327
3 155 \+ 17455 17831 539 396 462 313
3 143 \+ 15174 15296 32 408 142 381
3 154 \+ 17283 17452 496 437 539 408
3 142 \+ 15028 15172 289 516 193 487
3 153 \+ 16967 17281 317 518 496 449
3 30 \: 16967 18539 317 518 428 136
3 141 \+ 14932 15026 69 530 289 528
3 140 \+ 14818 14930 32 568 69 542
3 28 \: 14818 16000 32 568 166 204
3 152 \+ 16723 16964 346 579 457 537
3 139 \+ 14704 14815 216 604 237 589
3 151 \+ 16610 16721 316 606 346 591
3 138 \+ 14497 14702 32 645 216 616
3 150 \+ 16336 16608 317 685 316 618
3 137 \+ 14294 14495 98 699 32 657
