= section5.gt 7 3
7 1418 \+ 16529 17056 239 140 354 630
7 328 \: 18603 20719 317 145 81 150
7 1425 \+ 18603 18857 317 145 548 91
7 1417 \+ 16393 16526 52 167 239 152
7 1424 \+ 18438 18600 317 192 572 165
7 1416 \+ 16264 16391 123 208 52 179
7 1423 \+ 18391 18435 510 285 463 283
7 1415 \+ 15695 16261 194 371 123 220
7 1422 \+ 18027 18388 317 378 510 297
7 327 \: 18027 18601 317 378 572 165
7 1421 \+ 17800 18024 464 441 515 398
7 1414 \+ 15410 15692 78 464 194 383
7 1420 \+ 17462 17797 421 522 464 453
7 1413 \+ 15177 15407 32 532 78 476
7 1412 \+ 15141 15174 119 598 287 610
7 1419 \+ 17059 17459 354 618 421 534
7 1411 \+ 15013 15138 32 636 119 610
7 326 \: 15013 18025 32 636 515 398
