= section5.gt 7 4
7 1469 \+ 30398 30541 268 75 489 698
7 1468 \+ 30272 30395 157 102 268 87
7 1478 \+ 32849 33121 317 100 278 698
7 337 \: 32849 34975 317 100 108 235
7 1477 \+ 32562 32846 474 176 488 120
7 1467 \+ 29969 30269 235 183 157 114
7 1476 \+ 32291 32559 532 244 474 188
7 1466 \+ 29561 29966 55 279 235 195
7 1475 \+ 31913 32288 317 339 532 256
7 336 \: 31913 32847 317 339 488 120
7 335 \: 29344 31911 32 344 363 358
7 1465 \+ 29344 29559 32 344 55 291
7 1464 \+ 29081 29341 213 421 155 365
7 1463 \+ 28849 29078 113 475 213 433
7 1474 \+ 31304 31910 443 495 363 358
7 1473 \+ 31184 31301 411 522 443 507
7 1462 \+ 28628 28847 115 530 113 487
7 1461 \+ 28447 28626 32 584 115 542
7 334 \: 28447 29342 32 584 155 365
7 1472 \+ 30934 31181 547 590 411 534
7 1460 \+ 28269 28444 32 631 56 602
7 1471 \+ 30717 30931 557 645 547 602
7 1459 \+ 28094 28266 274 686 32 643
7 1470 \+ 30543 30715 489 686 557 657
