= section5.gt 7 2
7 1511 \+ 43137 43588 447 108 208 657
7 1504 \+ 40342 40770 175 163 372 711
7 1510 \+ 42905 43134 383 163 447 120
7 1503 \+ 40042 40339 61 231 175 175
7 1509 \+ 42489 42903 505 271 383 175
7 1502 \+ 39780 40039 173 299 61 243
7 341 \: 39545 40771 32 364 372 711
7 1501 \+ 39545 39778 32 364 173 311
7 1508 \+ 42083 42486 394 367 505 283
7 1507 \+ 41702 42081 421 462 394 379
7 1500 \+ 38977 39542 189 509 207 385
7 1506 \+ 41304 41699 420 557 421 474
7 1499 \+ 38749 38974 154 563 189 521
7 1498 \+ 38529 38746 136 618 154 575
7 1497 \+ 38363 38527 133 658 136 630
7 1496 \+ 38235 38360 70 686 133 670
7 342 \: 40773 43589 317 691 208 657
7 1505 \+ 40773 41301 317 691 420 569
