= section5.gt 7 3
7 1535 \+ 50444 50637 266 81 424 684
7 348 \: 50195 51641 32 147 363 562
7 1534 \+ 50195 50441 32 147 266 93
7 1543 \+ 53030 53221 316 170 164 698
7 1542 \+ 52787 53028 420 238 316 182
7 1533 \+ 49798 50192 266 250 287 167
7 350 \: 52604 53338 317 290 179 670
7 1541 \+ 52604 52784 317 290 420 250
7 1532 \+ 49555 49795 185 305 266 262
7 1531 \+ 49391 49552 182 346 185 317
7 1540 \+ 52343 52601 562 367 471 311
7 1539 \+ 52123 52341 560 421 562 379
7 1530 \+ 48993 49389 135 441 182 358
7 1529 \+ 48818 48990 72 482 135 453
7 1528 \+ 48592 48815 64 536 72 494
7 1538 \+ 51643 52121 317 543 560 433
7 349 \: 51643 52602 317 543 471 311
7 1527 \+ 48318 48589 88 604 64 548
7 1537 \+ 51407 51640 554 618 363 562
7 1526 \+ 48087 48316 284 672 88 616
7 1536 \+ 50639 50892 424 672 540 630
