= section5.gt 7 3
7 1555 \+ 55381 55701 176 129 385 698
7 1567 \+ 57625 58048 317 149 242 698
7 1554 \+ 55237 55379 281 170 176 141
7 1553 \+ 55101 55235 161 197 281 182
7 1566 \+ 57615 57622 557 217 340 215
7 352 \: 54905 56574 32 249 487 494
7 1552 \+ 54905 55098 32 249 161 209
7 1565 \+ 57304 57613 382 285 557 229
7 1551 \+ 54736 54902 154 299 148 270
7 1564 \+ 57068 57301 504 353 382 297
7 1550 \+ 54419 54733 230 380 154 311
7 1563 \+ 56943 57066 386 380 504 365
7 1549 \+ 54256 54417 225 421 230 392
7 1561 \+ 56765 56792 377 421 510 433
7 1562 \+ 56795 56940 510 421 386 392
7 353 \: 56576 59077 317 473 286 630
7 1560 \+ 56576 56763 317 473 377 433
7 1559 \+ 56461 56573 487 509 487 494
7 1548 \+ 53881 54253 256 516 225 433
7 1547 \+ 53708 53878 197 557 256 528
7 1558 \+ 56156 56458 354 577 487 521
7 1546 \+ 53465 53706 107 611 197 569
7 1557 \+ 55863 56153 317 645 354 589
7 1545 \+ 53340 53462 32 650 107 623
7 351 \: 53340 54903 32 650 148 270
7 1544 \+ 53224 53337 164 686 179 670
7 1556 \+ 55703 55861 385 686 317 657
