= section5.gt 7 2
7 1639 \+ 75861 76170 317 105 170 698
7 1632 \+ 74365 74670 32 116 425 422
7 368 \: 74365 75086 32 116 569 327
7 1638 \+ 75628 75858 521 173 317 117
7 1631 \+ 74147 74362 275 179 261 137
7 1630 \+ 74015 74144 130 206 275 191
7 1637 \+ 75374 75625 400 227 521 185
7 1629 \+ 73796 74013 276 274 130 218
7 1636 \+ 75130 75372 530 295 400 239
7 369 \: 75088 76171 317 306 170 698
7 1635 \+ 75088 75127 317 306 530 307
7 1628 \+ 73537 73793 32 329 276 286
7 1627 \+ 73450 73535 149 356 32 341
7 1634 \+ 74866 75085 316 356 569 327
7 1633 \+ 74672 74863 425 410 316 368
