= intro.gt 2 3
2 7 \+ 1182 1471 222 60 373 299
2 14 \+ 2256 2439 484 73 64 684
2 6 \+ 1050 1179 162 87 222 72
2 3 \: 2069 2867 317 131 148 575
2 13 \+ 2069 2254 317 131 484 85
2 12 \+ 1987 2066 515 164 361 149
2 2 \: 747 2067 32 170 361 149
2 5 \+ 747 1048 32 170 162 99
2 11 \+ 1849 1985 372 192 515 176
2 10 \+ 1724 1846 553 232 372 204
2 4 \+ 470 744 122 246 146 190
2 9 \+ 1560 1722 540 273 553 244
2 8 \+ 1473 1557 373 287 540 285
2 3 \+ 251 467 136 300 122 258
2 2 \+ 139 248 144 328 136 312
2 1 \+ 2 136 32 366 144 340
2 1 \: 2 745 32 366 146 190
