= intro.gt 2 4
= section1.gt 3 2
3 214 \+ 686 706 414 66 513 78
2 203 \+ 45067 45400 32 75 387 643
2 36 \: 45067 45763 32 75 552 562
3 40 \: 501 1407 317 117 182 421
3 213 \+ 501 683 317 117 414 78
2 202 \+ 44857 45064 126 135 55 93
3 212 \+ 336 498 442 167 435 138
2 201 \+ 44686 44854 112 176 126 147
2 200 \+ 44603 44683 260 203 112 188
3 211 \+ 175 334 425 208 442 179
2 199 \+ 44389 44601 32 244 260 215
3 210 \+ 43 172 317 243 425 220
3 39 \: 43 499 317 243 435 138
2 198 \+ 44194 44386 137 299 32 256
2 197 \+ 44028 44192 93 339 137 311
2 196 \+ 43909 44025 32 380 93 351
2 35 \: 43909 45065 32 380 55 93
2 209 \+ 46325 46567 577 387 385 331
2 195 \+ 43788 43906 32 414 64 398
2 208 \+ 46122 46323 403 428 577 399
2 194 \+ 43498 43786 210 495 32 426
2 207 \+ 45892 46119 317 494 403 440
2 38 \: 45892 46568 317 494 385 331
2 193 \+ 43435 43496 180 509 210 507
2 206 \+ 45765 45889 317 541 404 515
2 37 \: 45765 45890 317 541 404 515
2 192 \+ 43216 43432 192 563 180 521
2 205 \+ 45652 45762 559 577 552 562
2 191 \+ 42941 43213 214 631 192 575
2 204 \+ 45403 45649 387 631 559 589
2 190 \+ 42805 42938 83 658 214 643
