= section1.gt 3 5
3 243 \+ 5215 5502 317 72 99 657
3 45 \: 5215 6777 317 72 88 200
3 242 \+ 5111 5212 558 107 517 92
3 43 \: 2986 3791 32 114 560 534
3 229 \+ 2986 3021 32 114 218 112
3 241 \+ 4829 5108 476 175 558 119
3 228 \+ 2673 2983 204 202 86 132
3 240 \+ 4606 4826 421 230 476 187
3 227 \+ 2495 2671 177 242 204 214
3 239 \+ 4533 4603 317 255 421 242
3 226 \+ 2351 2492 32 280 177 254
3 42 \: 2351 2984 32 280 86 132
3 225 \+ 2107 2348 180 344 287 301
3 224 \+ 1936 2104 164 385 180 356
3 238 \+ 4197 4530 463 407 443 337
3 237 \+ 4087 4194 458 434 463 419
3 223 \+ 1715 1933 177 439 164 397
3 222 \+ 1627 1712 32 464 177 451
3 236 \+ 3928 4085 480 475 458 446
3 221 \+ 1602 1624 187 516 296 528
3 235 \+ 3793 3925 317 514 480 487
3 44 \: 3793 5213 317 514 517 92
3 220 \+ 1517 1600 32 530 187 528
3 234 \+ 3658 3790 459 550 560 534
3 219 \+ 1409 1514 32 568 32 542
3 41 \: 1409 2349 32 568 287 301
3 233 \+ 3445 3656 494 604 459 562
3 218 \+ 1258 1406 258 618 182 589
3 232 \+ 3250 3442 350 645 494 616
3 217 \+ 1072 1256 160 658 258 630
3 231 \+ 3123 3247 544 686 350 657
3 230 \+ 3024 3120 317 710 544 698
