= section1.gt 3 4
3 255 \+ 7172 7600 195 73 408 630
3 265 \+ 9455 9597 317 85 157 711
3 254 \+ 6998 7169 120 114 195 85
3 49 \: 9311 10328 317 161 83 445
3 264 \+ 9311 9452 317 161 492 134
3 46 \: 6781 7601 32 182 408 630
3 253 \+ 6781 6995 32 182 120 126
3 263 \+ 9024 9308 356 238 468 182
3 252 \+ 6512 6778 100 256 88 200
3 262 \+ 8883 9022 467 278 356 250
3 251 \+ 6362 6509 174 297 100 268
3 250 \+ 6330 6359 32 308 174 309
3 261 \+ 8741 8881 500 319 467 290
3 260 \+ 8491 8739 317 385 500 331
3 48 \: 8491 9309 317 385 468 182
3 249 \+ 6266 6327 154 405 197 403
3 259 \+ 8327 8488 317 421 570 406
3 248 \+ 6101 6264 148 445 154 417
3 258 \+ 8201 8325 501 462 317 433
3 247 \+ 5975 6098 279 486 148 457
3 257 \+ 7892 8198 377 530 501 474
3 246 \+ 5761 5973 32 538 279 498
3 245 \+ 5689 5758 148 604 234 602
3 256 \+ 7603 7889 317 609 377 542
3 47 \: 7603 8489 317 609 570 406
3 244 \+ 5507 5686 99 645 148 616
