= section1.gt 3 4
3 290 \+ 18068 18159 147 73 386 711
3 300 \+ 20568 20723 456 87 124 711
3 289 \+ 17802 18065 204 141 147 85
3 299 \+ 20349 20565 530 141 456 99
3 288 \+ 17732 17799 118 155 204 153
3 287 \+ 17624 17729 113 182 118 167
3 298 \+ 20192 20347 562 182 530 153
3 52 \: 19975 21054 317 235 120 630
3 297 \+ 19975 20189 317 235 562 194
3 286 \+ 17296 17621 71 264 113 194
3 285 \+ 17250 17293 106 277 71 276
3 296 \+ 19636 19972 494 325 525 255
3 295 \+ 19414 19633 453 379 494 337
3 50 \: 16844 18626 32 385 504 602
3 284 \+ 16844 17247 32 385 106 289
3 283 \+ 16608 16841 188 447 267 405
3 282 \+ 16520 16605 279 475 188 459
3 294 \+ 18920 19411 482 502 453 391
3 281 \+ 16288 16517 230 529 279 487
3 280 \+ 16140 16286 32 556 230 541
3 293 \+ 18628 18917 317 582 482 514
3 51 \: 18628 19973 317 582 525 255
3 279 \+ 15916 16138 256 624 32 568
3 292 \+ 18434 18625 380 631 504 602
3 278 \+ 15814 15913 32 650 256 636
3 49 \: 15814 16842 32 650 267 405
3 291 \+ 18162 18432 386 699 380 643
