= section1.gt 3 3
3 301 \+ 15919 16141 256 120 317 698
3 314 \+ 18437 18628 380 126 504 79
3 54 \: 15817 16845 32 145 552 534
3 300 \+ 15817 15916 32 145 256 114
3 313 \+ 18165 18435 386 194 380 120
3 299 \+ 15563 15814 109 208 287 147
3 312 \+ 18071 18162 432 221 386 188
3 298 \+ 15478 15560 225 235 109 202
3 297 \+ 15274 15475 259 289 225 229
3 311 \+ 17805 18068 489 289 432 215
3 310 \+ 17735 17802 403 303 489 283
3 296 \+ 15109 15271 254 330 259 283
3 309 \+ 17627 17732 398 330 403 297
3 295 \+ 15019 15106 69 344 254 324
3 294 \+ 14773 15016 161 412 69 338
3 308 \+ 17299 17624 355 412 398 324
3 307 \+ 17253 17296 391 425 355 406
3 293 \+ 14649 14770 89 439 161 406
3 292 \+ 14481 14646 32 491 89 433
3 53 \: 14481 15815 32 491 287 147
3 306 \+ 16847 17250 317 532 391 419
3 55 \: 16847 18629 317 532 504 79
3 291 \+ 14140 14478 120 581 166 494
3 305 \+ 16611 16844 472 595 552 534
3 290 \+ 14016 14138 32 608 120 575
3 304 \+ 16523 16608 563 622 472 589
3 289 \+ 13843 14013 257 663 32 602
3 303 \+ 16291 16520 515 676 563 616
3 288 \+ 13654 13840 150 704 257 657
3 302 \+ 16143 16289 317 704 515 670
