= section1.gt 3 4
3 335 \+ 28029 28282 131 73 572 684
3 347 \+ 30479 31032 317 88 266 616
3 59 \: 30479 31591 317 88 287 480
3 346 \+ 30270 30476 317 137 474 108
3 334 \+ 27678 28027 32 155 131 85
3 345 \+ 30009 30268 388 205 317 149
3 333 \+ 27419 27675 89 223 32 167
3 344 \+ 29820 30006 533 259 388 217
3 343 \+ 29758 29818 494 273 533 271
3 332 \+ 27194 27417 279 291 89 235
3 331 \+ 27096 27191 63 305 279 303
3 342 \+ 29555 29755 317 314 494 285
3 56 \: 26928 28283 32 367 572 684
3 330 \+ 26928 27093 32 367 63 317
3 341 \+ 29394 29552 317 369 317 326
3 58 \: 29394 30477 317 369 474 108
3 329 \+ 26705 26925 115 427 99 385
3 328 \+ 26519 26703 289 482 115 439
3 340 \+ 28985 29391 540 486 363 389
3 327 \+ 26386 26516 170 509 289 494
3 339 \+ 28841 28982 366 513 540 498
3 326 \+ 26285 26383 231 536 170 521
3 338 \+ 28687 28838 401 554 366 525
3 337 \+ 28546 28685 528 595 401 566
3 325 \+ 25974 26282 262 618 231 548
3 324 \+ 25791 25972 188 658 262 630
3 336 \+ 28285 28543 317 664 528 607
3 57 \: 28285 29392 317 664 363 389
3 323 \+ 25667 25788 112 686 188 670
