= section1.gt 3 3
3 358 \+ 28549 28688 528 61 116 684
3 346 \+ 25977 26285 262 81 515 657
3 345 \+ 25794 25975 188 122 262 93
3 62 \: 28288 29395 317 127 78 507
3 357 \+ 28288 28546 317 127 528 73
3 344 \+ 25670 25791 112 149 188 134
3 343 \+ 25546 25668 31 176 112 161
3 356 \+ 28032 28285 416 190 572 147
3 60 \: 25378 26929 32 228 383 494
3 342 \+ 25378 25543 32 228 31 188
3 341 \+ 25267 25375 32 250 287 249
3 355 \+ 27681 28030 316 271 416 202
3 340 \+ 25124 25265 147 291 32 262
3 354 \+ 27422 27678 373 339 316 283
3 339 \+ 24895 25122 96 346 147 303
3 353 \+ 27197 27420 563 407 373 351
3 352 \+ 27099 27194 348 421 563 419
3 338 \+ 24571 24892 117 427 96 358
3 351 \+ 26931 27096 317 475 348 433
3 61 \: 26931 28286 317 475 572 147
3 337 \+ 24233 24569 82 509 117 439
3 350 \+ 26708 26928 400 536 383 494
3 336 \+ 23982 24231 214 577 82 521
3 349 \+ 26522 26706 574 590 400 548
3 348 \+ 26389 26519 454 618 574 602
3 335 \+ 23681 23979 66 645 214 589
3 347 \+ 26288 26386 515 645 454 630
3 334 \+ 23472 23679 164 699 66 657
