= section1.gt 3 6
3 395 \+ 40553 40664 556 60 254 698
3 382 \+ 37981 38136 65 87 317 711
3 394 \+ 40371 40550 485 101 556 72
3 381 \+ 37797 37979 227 141 65 99
3 380 \+ 37698 37794 32 155 227 153
3 68 \: 40173 40665 317 156 254 698
3 393 \+ 40173 40369 317 156 485 113
3 379 \+ 37573 37696 214 196 32 167
3 378 \+ 37482 37570 32 209 214 208
3 392 \+ 39963 40170 510 219 425 176
3 377 \+ 37362 37479 207 250 32 221
3 391 \+ 39737 39960 467 273 510 231
3 65 \: 37161 38363 32 305 359 657
3 376 \+ 37161 37359 32 305 207 262
3 390 \+ 39547 39734 317 328 467 285
3 67 \: 39547 40171 317 328 425 176
3 375 \+ 37053 37158 207 341 192 326
3 389 \+ 39428 39544 499 364 536 348
3 374 \+ 36789 37051 274 409 207 353
3 373 \+ 36628 36786 60 436 274 421
3 388 \+ 39142 39426 411 432 499 376
3 387 \+ 38949 39139 513 486 411 444
3 386 \+ 38826 38947 440 513 513 498
3 372 \+ 36353 36626 32 518 60 448
3 64 \: 36353 37159 32 518 192 326
3 371 \+ 36242 36350 208 554 198 539
3 385 \+ 38557 38823 486 581 440 525
3 384 \+ 38365 38555 317 639 486 593
3 66 \: 38365 39545 317 639 536 348
3 370 \+ 35829 36239 32 664 208 566
3 63 \: 35829 36351 32 664 198 539
3 383 \+ 38139 38362 317 699 359 657
