= section1.gt 3 5
3 407 \+ 38560 38826 486 86 156 657
3 71 \: 38368 39548 317 141 251 480
3 406 \+ 38368 38558 317 141 486 80
3 392 \+ 35832 36242 32 158 492 698
3 68 \: 35832 36354 32 158 482 670
3 405 \+ 38142 38365 317 201 359 141
3 391 \+ 35601 35829 69 221 113 161
3 404 \+ 37984 38139 350 242 317 195
3 390 \+ 35377 35598 32 289 69 215
3 67 \: 35377 35830 32 289 113 161
3 403 \+ 37800 37982 512 297 350 236
3 402 \+ 37701 37797 316 310 512 291
3 389 \+ 35200 35374 255 350 51 290
3 401 \+ 37576 37699 499 351 316 304
3 400 \+ 37485 37573 317 365 499 345
3 388 \+ 34967 35198 193 404 255 344
3 399 \+ 37365 37482 491 405 317 359
3 398 \+ 37164 37362 317 458 491 399
3 70 \: 37164 38366 317 458 359 141
3 397 \+ 37056 37161 492 493 477 460
3 387 \+ 34591 34964 221 500 193 398
3 386 \+ 34426 34587 232 540 221 494
3 396 \+ 36792 37054 559 561 492 487
3 395 \+ 36631 36789 344 589 559 555
3 385 \+ 34100 34424 279 622 232 534
3 384 \+ 33977 34097 245 649 279 616
3 394 \+ 36356 36629 317 668 344 583
3 69 \: 36356 37162 317 668 477 460
3 393 \+ 36245 36353 492 704 482 670
