= section1.gt 3 4
3 432 \+ 43069 43120 354 84 95 711
3 419 \+ 40918 41076 184 114 460 711
3 431 \+ 42902 43066 484 138 354 78
3 430 \+ 42808 42899 474 165 484 132
3 74 \: 40670 41913 32 179 473 507
3 418 \+ 40670 40915 32 179 184 108
3 429 \+ 42692 42805 385 193 474 159
3 417 \+ 40556 40667 271 215 254 182
3 428 \+ 42556 42689 419 233 385 187
3 416 \+ 40374 40553 201 256 271 209
3 415 \+ 40176 40372 32 308 201 250
3 73 \: 40176 40668 32 308 254 182
3 427 \+ 42180 42553 339 342 419 227
3 414 \+ 39966 40173 225 371 141 311
3 426 \+ 42086 42177 317 385 339 336
3 413 \+ 39740 39963 182 425 225 365
3 75 \: 41959 47887 317 428 277 575
3 425 \+ 41959 42084 317 428 437 386
3 412 \+ 39550 39737 32 478 182 419
3 72 \: 39550 40174 32 478 141 311
3 411 \+ 39431 39547 215 513 251 480
3 424 \+ 41676 41912 364 568 473 507
3 410 \+ 39145 39429 127 581 215 507
3 422 \+ 41508 41543 373 608 556 602
3 423 \+ 41546 41674 556 608 364 562
3 409 \+ 38952 39142 228 636 127 575
3 408 \+ 38829 38950 156 663 228 630
3 421 \+ 41232 41505 378 676 373 602
3 420 \+ 41078 41230 460 717 378 670
