= intro.gt 2 4
2 26 \+ 4700 4904 155 87 345 698
2 39 \+ 6983 7612 413 143 148 657
2 25 \+ 4315 4697 196 182 155 99
2 38 \+ 6622 6980 497 238 413 155
2 24 \+ 4032 4313 135 250 196 194
2 7 \: 6530 7613 317 263 148 657
2 37 \+ 6530 6620 317 263 497 250
2 5 \: 3728 4905 32 330 345 698
2 23 \+ 3728 4029 32 330 135 262
2 36 \+ 6336 6527 570 326 431 283
2 34 \+ 6198 6221 430 353 546 365
2 35 \+ 6224 6333 546 353 570 338
2 22 \+ 3598 3725 32 366 156 351
2 33 \+ 6041 6195 493 394 430 365
2 21 \+ 3433 3595 66 407 32 378
2 32 \+ 5913 6038 406 421 493 406
2 20 \+ 3243 3430 224 461 66 419
2 31 \+ 5760 5910 483 462 406 433
2 30 \+ 5623 5757 395 489 483 474
2 19 \+ 3041 3240 64 502 224 473
2 18 \+ 2869 3038 32 554 64 514
2 4 \: 2869 3726 32 554 156 351
2 29 \+ 5384 5620 569 557 395 501
2 28 \+ 5194 5381 472 598 569 569
2 17 \+ 2730 2866 215 604 148 575
2 16 \+ 2595 2728 61 631 215 616
2 15 \+ 2443 2593 74 672 61 643
2 27 \+ 4907 5191 317 679 472 610
2 6 \: 4907 6528 317 679 431 283
