= section1.gt 3 0
3 438 \+ 45596 45686 167 73 444 711
3 444 \+ 47449 47877 540 182 561 72
3 443 \+ 47335 47446 456 210 540 194
3 437 \+ 45038 45593 260 284 167 85
3 436 \+ 44920 45035 168 311 260 296
3 435 \+ 44807 44918 68 339 168 323
3 442 \+ 46773 47332 393 373 456 222
3 441 \+ 46611 46771 498 427 393 385
3 434 \+ 44374 44804 54 461 68 351
3 433 \+ 44323 44372 249 488 54 473
3 432 \+ 44255 44321 147 502 249 500
3 440 \+ 45914 46609 444 631 498 439
3 431 \+ 43704 44252 256 699 147 514
3 439 \+ 45689 45912 444 699 444 643
