= section1.gt 3 2
3 454 \+ 49575 51051 199 63 452 252
3 456 \+ 51503 52019 459 106 183 643
3 453 \+ 49349 49572 167 117 199 75
3 77 \: 49169 52391 32 169 109 548
3 452 \+ 49169 49347 32 169 167 129
3 455 \+ 51053 51501 452 240 459 118
3 451 \+ 48845 49166 184 259 136 190
3 450 \+ 48787 48843 153 273 184 271
3 449 \+ 48616 48784 135 314 153 285
3 448 \+ 48535 48614 278 341 135 326
3 447 \+ 48284 48532 144 395 278 353
3 446 \+ 47977 48282 231 477 144 407
3 445 \+ 47884 47974 32 501 231 489
3 76 \: 47884 49167 32 501 136 190
3 444 \+ 47452 47880 255 658 277 548
3 443 \+ 47338 47449 171 686 255 670
