= section1.gt 3 3
3 466 \+ 53955 54389 262 60 445 602
3 473 \+ 55990 56333 367 131 197 711
3 465 \+ 53698 53953 246 149 262 72
3 80 \: 55765 56737 317 197 68 602
3 472 \+ 55765 55988 317 197 367 143
3 464 \+ 53374 53695 176 231 246 161
3 463 \+ 53229 53371 237 272 176 243
3 471 \+ 55234 55762 425 350 396 217
3 462 \+ 52990 53226 32 360 237 284
3 79 \: 52990 55763 32 360 396 217
3 470 \+ 55114 55231 335 377 425 362
3 461 \+ 52789 52987 174 421 62 379
3 469 \+ 54746 55111 549 486 335 389
3 460 \+ 52492 52787 278 503 174 433
3 459 \+ 52393 52490 32 528 278 515
3 78 \: 52393 52988 32 528 62 379
3 468 \+ 54575 54743 442 527 549 498
3 458 \+ 52213 52390 73 577 109 548
3 467 \+ 54392 54572 445 590 442 539
3 457 \+ 52022 52210 183 631 73 589
