= section1.gt 3 3
= section2.gt 4 3
3 489 \+ 59215 59304 171 87 75 72
4 498 \+ 1375 1631 317 99 197 698
4 87 \: 1375 2101 317 99 287 589
3 488 \+ 59042 59212 171 128 171 99
3 487 \+ 58983 59039 149 141 171 140
3 486 \+ 58843 58980 32 182 149 153
3 83 \: 58843 59305 32 182 75 72
3 485 \+ 58762 58840 229 216 87 200
4 497 \+ 971 1372 530 217 454 120
3 484 \+ 58658 58759 285 243 229 228
4 496 \+ 771 969 345 258 530 229
3 483 \+ 58388 58654 170 297 285 255
4 495 \+ 515 768 317 338 345 270
4 86 \: 515 1373 317 338 454 120
4 494 \+ 457 512 374 360 374 359
3 482 \+ 58131 58385 167 373 170 309
4 493 \+ 271 454 524 415 374 372
4 492 \+ 61 268 317 465 524 427
4 85 \: 61 513 317 465 374 359
3 481 \+ 57759 58128 32 500 167 385
3 82 \: 57759 58841 32 500 87 200
3 480 \+ 57583 57756 121 550 171 521
3 479 \+ 57355 57580 119 604 121 562
3 491 \+ 59518 59921 352 645 471 562
3 478 \+ 57021 57352 98 686 119 616
3 490 \+ 59307 59515 317 710 352 657
3 84 \: 59307 59922 317 710 471 562
