= section2.gt 4 7
4 546 \+ 5999 6169 483 86 214 684
4 531 \+ 3495 3608 32 91 345 698
4 90 \: 3495 4142 32 91 459 575
4 545 \+ 5835 5996 493 127 483 80
4 530 \+ 3303 3492 174 141 288 94
4 544 \+ 5692 5832 559 168 493 121
4 529 \+ 3170 3300 32 179 174 135
4 89 \: 3170 3493 32 179 288 94
4 543 \+ 5543 5690 363 195 559 162
4 93 \: 5423 6170 317 233 214 684
4 542 \+ 5423 5540 317 233 363 189
4 528 \+ 2861 3167 153 256 278 182
4 541 \+ 5240 5420 455 283 526 236
4 527 \+ 2655 2858 271 310 153 250
4 540 \+ 5071 5238 399 324 455 277
4 526 \+ 2435 2652 32 351 271 304
4 539 \+ 4896 5069 317 375 399 318
4 92 \: 4896 5421 317 375 526 236
4 525 \+ 2103 2433 32 444 32 345
4 88 \: 2103 3168 32 444 278 182
4 538 \+ 4647 4893 571 453 441 379
4 537 \+ 4555 4644 405 466 571 447
4 524 \+ 1788 2100 168 521 287 447
4 536 \+ 4332 4553 409 521 405 460
4 523 \+ 1633 1786 197 561 168 515
4 535 \+ 4144 4329 317 573 409 515
4 91 \: 4144 4894 317 573 441 379
4 534 \+ 3942 4141 316 622 459 575
4 522 \+ 1375 1631 32 627 197 555
4 87 \: 1375 2101 32 627 287 447
4 533 \+ 3821 3939 562 663 316 616
4 532 \+ 3611 3818 345 704 562 657
