= section2.gt 4 5
4 547 \+ 11152 11306 564 73 240 698
4 537 \+ 8908 9044 32 88 484 711
4 97 \: 8908 9728 32 88 405 534
4 536 \+ 8751 8905 232 137 173 108
4 546 \+ 10862 11149 489 141 564 85
4 545 \+ 10681 10859 420 182 489 153
4 535 \+ 8377 8748 32 233 232 149
4 96 \: 8377 8906 32 233 173 108
4 99 \: 10497 11450 317 234 159 657
4 544 \+ 10497 10678 317 234 420 194
4 534 \+ 8158 8374 193 296 184 253
4 533 \+ 7994 8155 193 336 193 308
4 543 \+ 10323 10453 504 364 349 335
4 532 \+ 7734 7992 261 404 193 348
4 542 \+ 10110 10320 552 418 504 376
4 531 \+ 7543 7731 121 445 261 416
4 530 \+ 7410 7540 32 472 121 457
4 541 \+ 9881 10107 525 473 552 430
4 529 \+ 7261 7408 102 513 32 484
4 540 \+ 9730 9879 317 516 525 485
4 98 \: 9730 10454 317 516 349 335
4 528 \+ 7147 7258 32 557 102 525
4 95 \: 7147 8375 32 557 184 253
4 539 \+ 9514 9727 401 577 405 534
4 527 \+ 6793 7144 32 645 94 575
4 526 \+ 6671 6791 266 686 32 657
4 538 \+ 9046 9511 484 699 401 589
