= section2.gt 4 5
4 560 \+ 18993 19185 107 87 514 711
4 564 \+ 20039 20394 514 110 525 72
4 559 \+ 18866 18990 32 125 107 99
4 563 \+ 19752 20036 499 148 514 119
4 562 \+ 19558 19749 535 177 499 157
4 558 \+ 18748 18863 149 231 191 216
4 557 \+ 18565 18745 69 272 149 243
4 556 \+ 18366 18562 141 327 69 284
4 569 \+ 21332 22090 417 371 284 698
4 555 \+ 18158 18363 170 381 141 339
4 554 \+ 18024 18155 32 420 170 393
4 103 \: 18024 20395 32 420 525 72
4 105 \: 21144 22091 317 425 284 698
4 568 \+ 21144 21329 317 425 417 383
4 553 \+ 17872 18021 130 469 50 440
4 567 \+ 20973 21141 423 474 436 445
4 552 \+ 17686 17869 32 521 130 481
4 102 \: 17686 18022 32 521 50 440
4 566 \+ 20599 20970 494 569 423 486
4 551 \+ 17382 17683 137 598 257 542
4 565 \+ 20398 20596 317 622 494 581
4 104 \: 20398 21142 317 622 436 445
4 550 \+ 17214 17379 123 638 137 610
4 549 \+ 17094 17212 32 677 123 650
4 101 \: 17094 17684 32 677 257 542
4 561 \+ 19188 19556 514 699 535 186
