= section2.gt 4 3
4 581 \+ 24476 24756 112 87 420 684
4 593 \+ 26727 26893 404 87 130 711
4 580 \+ 24301 24474 105 128 112 99
4 579 \+ 24202 24299 105 155 105 140
4 592 \+ 26489 26724 317 154 404 99
4 591 \+ 26414 26486 358 235 429 234
4 578 \+ 23785 24199 259 264 105 167
4 577 \+ 23641 23783 96 291 259 276
4 109 \: 26074 27173 317 330 157 643
4 590 \+ 26074 26411 317 330 358 247
4 107 \: 23370 24757 32 378 420 684
4 576 \+ 23370 23638 32 378 96 303
4 589 \+ 25919 26071 551 379 499 350
4 575 \+ 23214 23367 176 427 129 398
4 588 \+ 25528 25916 513 474 551 391
4 574 \+ 22915 23211 59 495 176 439
4 587 \+ 25221 25525 372 542 513 486
4 573 \+ 22679 22912 228 563 59 507
4 586 \+ 25102 25219 336 569 372 554
4 585 \+ 25004 25099 423 596 336 581
4 584 \+ 24949 25001 428 610 423 608
4 572 \+ 22428 22676 32 618 228 575
4 583 \+ 24863 24946 568 637 428 622
4 582 \+ 24759 24861 317 664 568 649
4 108 \: 24759 26072 317 664 499 350
4 571 \+ 22198 22425 32 672 32 630
