= section2.gt 4 4
4 612 \+ 25529 25917 513 101 267 670
4 598 \+ 22916 23212 59 114 461 711
4 611 \+ 25222 25526 372 169 513 113
4 597 \+ 22680 22913 228 182 59 126
4 610 \+ 25103 25220 336 196 372 181
4 609 \+ 25005 25100 423 223 336 208
4 596 \+ 22429 22677 32 237 228 194
4 608 \+ 24950 25002 428 237 423 235
4 607 \+ 24864 24947 568 264 428 249
4 595 \+ 22199 22426 32 291 32 249
4 113 \: 24760 26073 317 289 214 630
4 606 \+ 24760 24862 317 289 568 276
4 111 \: 22094 23369 32 330 414 670
4 594 \+ 22094 22196 32 330 32 303
4 605 \+ 24477 24757 397 366 420 310
4 604 \+ 24302 24475 390 407 397 378
4 603 \+ 24203 24300 390 434 390 419
4 593 \+ 21333 22091 132 529 284 351
4 602 \+ 23786 24200 544 543 390 446
4 601 \+ 23642 23784 381 570 544 555
4 592 \+ 21145 21330 32 582 132 541
4 110 \: 21145 22092 32 582 284 351
4 591 \+ 20974 21142 139 631 152 602
4 600 \+ 23371 23639 317 650 381 582
4 112 \: 23371 24758 317 650 420 310
4 599 \+ 23215 23368 461 699 414 670
