= section2.gt 4 5
4 642 \+ 30465 30642 558 60 32 670
4 625 \+ 27909 28033 218 73 559 711
4 624 \+ 27805 27906 276 101 218 85
4 623 \+ 27716 27802 130 114 276 113
4 641 \+ 30193 30463 342 114 558 72
4 640 \+ 30046 30190 463 155 342 126
4 622 \+ 27472 27713 58 169 130 126
4 639 \+ 29903 30044 317 182 463 167
4 621 \+ 27290 27469 31 209 58 181
4 118 \: 29788 30857 317 224 241 630
4 638 \+ 29788 29901 317 224 317 194
4 115 \: 27177 28034 32 249 559 711
4 620 \+ 27177 27287 32 249 31 221
4 637 \+ 29716 29785 518 264 572 262
4 619 \+ 26984 27174 270 311 157 269
4 636 \+ 29482 29713 516 318 518 276
4 618 \+ 26898 26981 130 325 270 323
4 617 \+ 26729 26895 119 366 130 337
4 635 \+ 29273 29480 317 371 516 330
4 117 \: 29273 29786 317 371 572 262
4 616 \+ 26491 26726 32 433 119 378
4 634 \+ 29021 29270 554 448 415 392
4 633 \+ 28948 29018 477 461 554 460
4 632 \+ 28831 28945 471 488 477 473
4 631 \+ 28745 28828 338 502 471 500
4 615 \+ 26416 26488 74 515 145 514
4 630 \+ 28552 28743 474 556 338 514
4 614 \+ 26076 26413 32 609 74 527
4 114 \: 26076 27175 32 609 157 269
4 629 \+ 28342 28549 516 611 474 568
4 628 \+ 28189 28339 544 652 516 623
4 613 \+ 25921 26073 267 658 214 630
4 627 \+ 28103 28186 387 665 544 664
4 626 \+ 28036 28100 317 691 387 677
4 116 \: 28036 29271 317 691 415 392
