= intro.gt 2 4
2 50 \+ 9552 9941 60 114 393 684
2 10 \: 9317 10715 32 180 376 494
2 49 \+ 9317 9549 32 180 60 126
2 61 \+ 11740 12535 500 216 177 138
2 48 \+ 9120 9314 237 243 150 200
2 47 \+ 8944 9117 171 284 237 255
2 60 \+ 11459 11738 479 284 500 228
2 46 \+ 8791 8941 232 324 171 296
2 59 \+ 11290 11456 485 325 479 296
2 45 \+ 8594 8788 32 379 232 336
2 9 \: 8594 9315 32 379 150 200
2 58 \+ 11078 11287 494 379 485 337
2 44 \+ 8477 8591 185 421 196 406
2 57 \+ 10825 11075 348 434 494 391
2 43 \+ 8313 8474 201 462 185 433
2 11 \: 10717 13304 317 473 120 657
2 56 \+ 10717 10822 317 473 348 446
2 42 \+ 8045 8311 230 530 201 474
2 55 \+ 10493 10714 371 536 376 494
2 54 \+ 10334 10490 409 577 371 548
2 53 \+ 10241 10331 495 604 409 589
2 41 \+ 7708 8042 237 611 230 542
2 52 \+ 10142 10238 563 631 495 616
2 40 \+ 7615 7706 32 636 237 623
2 8 \: 7615 8592 32 636 196 406
2 51 \+ 9944 10139 393 672 563 643
