= section2.gt 4 7
4 686 \+ 34700 34797 478 68 165 698
4 676 \+ 32129 32348 32 87 317 684
4 121 \: 32129 32759 32 87 404 589
4 124 \: 34449 35753 317 134 78 453
4 685 \+ 34449 34697 317 134 478 80
4 675 \+ 31844 32126 203 163 207 107
4 684 \+ 34266 34446 477 183 534 155
4 674 \+ 31732 31841 208 190 203 175
4 673 \+ 31652 31729 101 204 208 202
4 683 \+ 34114 34263 530 224 477 195
4 682 \+ 34006 34111 558 251 530 236
4 672 \+ 31467 31649 32 256 101 216
4 120 \: 31467 32127 32 256 207 107
4 671 \+ 31242 31464 264 319 269 277
4 681 \+ 33622 34003 317 344 558 263
4 123 \: 33622 34447 317 344 534 155
4 670 \+ 30993 31239 111 373 264 331
4 669 \+ 30860 30991 32 412 111 385
4 119 \: 30860 31465 32 412 269 277
4 680 \+ 33213 33619 381 448 466 365
4 668 \+ 30645 30857 32 461 241 432
4 679 \+ 33107 33211 415 475 381 460
4 667 \+ 30466 30643 274 516 32 473
4 666 \+ 30194 30464 57 570 274 528
4 678 \+ 32761 33104 317 568 415 487
4 122 \: 32761 33620 317 568 466 365
4 665 \+ 30047 30191 179 611 57 582
4 664 \+ 29904 30045 32 638 179 623
4 677 \+ 32351 32758 317 672 404 589
4 663 \+ 29789 29902 32 679 32 650
4 118 \: 29789 30858 32 679 241 432
