= section2a.gt 5 4
5 670 \+ 1029 1212 220 66 317 670
5 683 \+ 3328 3492 534 65 272 684
5 682 \+ 3273 3325 548 78 534 77
5 126 \: 716 1626 32 145 406 575
5 669 \+ 716 1026 32 145 220 78
5 681 \+ 3010 3270 317 144 548 90
5 668 \+ 574 713 127 181 273 166
5 680 \+ 2933 3007 356 211 456 209
5 667 \+ 312 571 170 249 127 193
5 128 \: 2758 3623 317 262 130 643
5 679 \+ 2758 2931 317 262 356 223
5 678 \+ 2564 2755 356 312 489 283
5 666 \+ 28 310 32 326 170 261
5 125 \: 28 714 32 326 273 166
5 677 \+ 2407 2562 431 353 356 324
5 676 \+ 2121 2404 388 421 431 365
5 675 \+ 2069 2118 410 435 388 433
4 665 \+ 35467 35751 32 454 78 398
5 674 \+ 1877 2066 539 489 410 447
5 673 \+ 1750 1874 447 516 539 501
4 664 \+ 35187 35464 250 536 32 466
5 672 \+ 1628 1748 317 555 447 528
5 127 \: 1628 2756 317 555 489 283
4 663 \+ 35053 35184 101 563 250 548
4 662 \+ 34799 35050 165 631 101 575
4 661 \+ 34699 34796 194 658 165 643
5 671 \+ 1215 1625 317 658 406 575
