= section2b.gt 6 6
6 706 \+ 5277 5648 287 73 475 643
6 717 \+ 7806 8079 571 73 289 670
6 136 \: 5169 6139 32 101 360 521
6 705 \+ 5169 5274 32 101 287 85
6 716 \+ 7590 7804 344 114 571 85
6 704 \+ 5096 5166 139 123 223 122
6 715 \+ 7449 7587 471 155 344 126
6 703 \+ 4823 5094 79 191 139 135
6 702 \+ 4615 4821 82 246 79 203
6 714 \+ 7030 7446 353 250 471 167
6 138 \: 6915 8732 317 289 234 507
6 713 \+ 6915 7027 317 289 353 262
6 701 \+ 4443 4613 32 301 82 258
6 135 \: 4443 5167 32 301 223 122
6 712 \+ 6775 6912 516 339 374 310
6 700 \+ 4129 4440 64 377 253 321
6 711 \+ 6560 6772 539 393 516 351
6 699 \+ 3907 4127 32 446 64 389
6 134 \: 3907 4441 32 446 253 321
6 710 \+ 6332 6557 461 447 539 405
6 698 \+ 3710 3904 136 495 287 466
6 709 \+ 6141 6329 317 500 461 459
6 137 \: 6141 6913 317 500 374 310
6 697 \+ 3493 3708 150 550 136 507
6 708 \+ 5986 6138 447 550 360 521
6 707 \+ 5651 5983 475 631 447 562
6 696 \+ 3120 3491 213 645 150 562
6 695 \+ 3014 3117 253 672 213 657
6 694 \+ 2861 3011 32 710 253 684
6 133 \: 2861 3905 32 710 287 466
