= section2b.gt 6 6
6 735 \+ 6560 6772 539 60 232 670
6 723 \+ 3907 4127 32 115 349 711
6 139 \: 3907 4441 32 115 538 643
6 734 \+ 6332 6557 461 114 539 72
6 722 \+ 3710 3904 136 164 287 135
6 142 \: 6141 6913 317 169 89 630
6 733 \+ 6141 6329 317 169 461 126
6 721 \+ 3493 3708 150 219 136 176
6 732 \+ 5986 6138 447 219 360 190
6 731 \+ 5651 5983 475 300 447 231
6 720 \+ 3120 3491 213 314 150 231
6 719 \+ 3014 3117 253 341 213 326
6 718 \+ 2861 3011 32 382 253 353
6 138 \: 2861 3905 32 382 287 135
6 730 \+ 5277 5648 571 395 475 312
6 729 \+ 5169 5274 317 423 571 407
6 141 \: 5169 6139 317 423 360 190
6 717 \+ 2703 2858 247 432 213 403
6 728 \+ 5096 5166 423 445 507 444
6 716 \+ 2475 2700 170 486 247 444
6 727 \+ 4823 5094 363 513 423 457
6 715 \+ 2342 2472 32 528 170 498
6 137 \: 2342 2859 32 528 213 403
6 726 \+ 4615 4821 367 568 363 525
6 714 \+ 2107 2339 225 590 255 548
6 725 \+ 4443 4613 317 623 367 580
6 140 \: 4443 5167 317 623 507 444
6 713 \+ 1902 2104 57 631 225 602
6 724 \+ 4129 4440 349 699 538 643
