= section2b.gt 6 5
6 751 \+ 10518 10808 317 66 140 643
6 146 \: 10518 10997 317 66 238 602
6 741 \+ 7808 8081 286 115 573 711
6 750 \+ 10261 10515 490 143 374 87
6 740 \+ 7592 7806 59 156 286 127
6 739 \+ 7451 7589 186 197 59 168
6 749 \+ 10052 10258 526 197 490 155
6 748 \+ 9853 10049 373 238 526 209
6 738 \+ 7032 7448 68 292 186 209
6 747 \+ 9619 9850 317 304 373 250
6 145 \: 9619 10516 317 304 374 87
6 143 \: 6917 8733 32 331 445 548
6 737 \+ 6917 7029 32 331 68 304
6 746 \+ 9435 9616 503 353 572 324
6 736 \+ 6777 6914 232 380 89 351
6 735 \+ 6562 6774 255 435 232 392
6 745 \+ 9006 9432 566 462 503 365
6 734 \+ 6334 6559 177 489 255 447
6 744 \+ 8735 9004 317 528 566 474
6 144 \: 8735 9617 317 528 572 324
6 733 \+ 6143 6331 32 541 177 501
6 142 \: 6143 6915 32 541 89 351
6 732 \+ 5988 6140 162 590 75 562
6 743 \+ 8459 8732 477 604 445 548
6 731 \+ 5653 5985 191 672 162 602
6 742 \+ 8084 8457 573 699 477 616
