= section3.gt 7 4
7 763 \+ 1565 1791 32 116 363 711
7 149 \: 1565 1792 32 116 363 711
7 771 \+ 3684 4041 419 128 63 698
7 762 \+ 1298 1562 272 193 250 137
7 151 \: 3456 4976 317 197 260 480
7 770 \+ 3456 3681 317 197 419 140
7 761 \+ 1084 1296 32 233 272 205
7 769 \+ 3118 3453 381 287 440 217
7 760 \+ 742 1081 277 329 32 245
7 759 \+ 611 739 190 356 277 341
7 768 \+ 2791 3116 368 368 381 299
7 758 \+ 267 608 133 437 190 368
7 767 \+ 2310 2788 445 491 368 380
7 757 \+ 27 265 32 504 133 449
7 148 \: 27 1563 32 504 250 137
7 766 \+ 2156 2307 508 532 445 503
7 765 \+ 2016 2153 340 559 508 544
7 764 \+ 1852 2013 317 611 340 571
7 150 \: 1852 3454 317 611 440 217
6 756 \+ 11858 12031 32 631 93 602
