= section3.gt 7 4
7 790 \+ 12935 13168 177 87 560 698
7 799 \+ 15384 15772 439 101 197 670
7 798 \+ 15309 15382 346 114 439 113
7 789 \+ 12757 12933 94 128 177 99
7 153 \: 12593 13926 32 181 530 507
7 788 \+ 12593 12754 32 181 94 140
7 797 \+ 14972 15306 339 196 346 126
7 787 \+ 12380 12590 176 243 124 201
7 786 \+ 12196 12377 100 284 176 255
7 155 \: 14643 16320 317 289 151 534
7 796 \+ 14643 14970 317 289 339 208
7 785 \+ 11959 12194 265 352 100 296
7 784 \+ 11742 11956 284 407 265 364
7 795 \+ 14168 14640 429 420 386 310
7 783 \+ 11540 11739 111 447 284 419
7 782 \+ 11406 11537 259 488 111 459
7 794 \+ 13928 14165 317 487 429 432
7 154 \: 13928 14641 317 487 386 310
7 781 \+ 11313 11403 32 514 259 500
7 152 \: 11313 12591 32 514 124 201
7 793 \+ 13639 13925 446 563 530 507
7 780 \+ 11007 11310 190 604 105 534
7 792 \+ 13346 13636 381 631 446 575
7 779 \+ 10813 11004 32 645 190 616
7 791 \+ 13171 13344 560 686 381 643
