= section3.gt 7 4
7 802 \+ 10563 10812 151 61 317 657
7 814 \+ 12937 13170 461 88 276 698
7 801 \+ 10305 10560 242 129 151 73
7 813 \+ 12759 12935 378 129 461 100
7 158 \: 12595 13928 317 181 246 507
7 812 \+ 12595 12756 317 181 378 141
7 800 \+ 10010 10303 76 197 242 141
7 811 \+ 12382 12592 461 244 409 202
7 799 \+ 9810 10007 138 251 76 209
7 810 \+ 12198 12379 385 285 461 256
7 156 \: 9564 11313 32 317 390 534
7 798 \+ 9564 9808 32 317 138 263
7 809 \+ 11961 12196 549 353 385 297
7 797 \+ 9287 9561 131 394 115 338
7 808 \+ 11744 11958 569 407 549 365
7 807 \+ 11542 11741 396 448 569 419
7 796 \+ 8987 9284 32 462 131 406
7 806 \+ 11408 11539 544 489 396 460
7 795 \+ 8803 8984 210 516 32 474
7 805 \+ 11315 11405 317 514 544 501
7 157 \: 11315 12593 317 514 409 202
7 794 \+ 8553 8800 273 584 210 528
7 804 \+ 11009 11312 474 604 390 534
7 793 \+ 8357 8550 116 625 273 596
7 803 \+ 10814 11006 317 645 474 616
7 792 \+ 8174 8355 32 679 116 637
7 155 \: 8174 9562 32 679 115 338
