= section3.gt 7 3
7 836 \+ 18890 19133 542 60 163 657
7 826 \+ 16324 16693 32 113 534 684
7 161 \: 16324 18445 32 113 370 249
7 834 \+ 18631 18681 317 114 574 126
7 835 \+ 18683 18888 574 114 542 72
7 162 \: 18467 19491 317 169 287 575
7 833 \+ 18467 18628 317 169 317 126
7 825 \+ 16022 16321 82 189 151 133
7 824 \+ 15777 16020 197 257 82 201
7 832 \+ 18142 18444 475 318 370 249
7 823 \+ 15386 15774 154 352 197 269
7 822 \+ 15311 15384 61 366 154 364
7 831 \+ 17915 18139 480 373 475 330
7 821 \+ 14974 15308 54 447 61 378
7 830 \+ 17584 17912 545 454 480 385
7 829 \+ 17223 17581 403 536 545 466
7 820 \+ 14645 14972 32 541 54 459
7 160 \: 14645 16322 32 541 151 133
7 828 \+ 16989 17220 356 590 403 548
7 819 \+ 14170 14642 145 672 101 562
7 827 \+ 16695 16986 534 672 356 602
