= section3.gt 7 4
7 858 \+ 27581 27931 195 114 317 684
7 870 \+ 30050 30366 521 114 204 698
7 857 \+ 27401 27578 101 155 195 126
7 869 \+ 29871 30047 457 155 521 126
7 868 \+ 29764 29868 476 182 457 167
7 856 \+ 27174 27399 32 209 101 167
7 867 \+ 29680 29761 317 210 476 194
7 170 \: 29680 30994 317 210 109 72
7 866 \+ 29582 29677 427 246 357 231
7 855 \+ 26881 27171 229 291 32 221
7 865 \+ 29255 29580 455 327 427 258
7 854 \+ 26724 26879 203 332 229 303
7 864 \+ 29067 29252 359 368 455 339
7 853 \+ 26502 26721 227 386 203 344
7 852 \+ 26265 26500 99 441 227 398
7 863 \+ 28840 29064 317 437 359 380
7 169 \: 28840 29678 317 437 357 231
7 167 \: 26200 28219 32 473 422 616
7 851 \+ 26200 26262 32 473 99 453
7 862 \+ 28689 28837 413 472 562 457
7 861 \+ 28498 28687 316 513 413 484
7 850 \+ 25920 26197 198 550 227 494
7 849 \+ 25767 25917 271 590 198 562
7 860 \+ 28221 28495 317 595 316 525
7 168 \: 28221 28838 317 595 562 457
7 848 \+ 25591 25765 223 631 271 602
7 847 \+ 25401 25589 82 672 223 643
7 859 \+ 27933 28218 317 672 422 616
