= intro.gt 2 3
2 74 \+ 16652 17105 316 149 124 698
2 73 \+ 16317 16649 357 231 316 161
2 66 \+ 14223 14520 32 249 462 711
2 13 \: 14223 16035 32 249 381 330
2 14 \: 16037 17492 317 312 88 602
2 72 \+ 16037 16314 317 312 357 243
2 71 \+ 15848 16034 569 373 381 330
2 65 \+ 13691 14220 32 380 226 270
2 70 \+ 15640 15845 410 414 569 385
2 64 \+ 13439 13688 136 448 32 392
2 69 \+ 15501 15637 523 454 410 426
2 63 \+ 13309 13436 32 486 136 460
2 12 \: 13309 14221 32 486 226 270
2 62 \+ 13059 13306 266 563 120 507
2 68 \+ 15078 15499 573 563 523 466
2 61 \+ 11742 12297 216 699 257 575
2 67 \+ 14523 15076 462 699 573 575
