= section3.gt 7 4
7 896 \+ 25403 25591 82 100 507 698
7 908 \+ 27935 28220 317 99 137 670
7 171 \: 25172 26200 32 168 511 548
7 895 \+ 25172 25400 32 168 82 94
7 907 \+ 27583 27933 480 194 317 93
7 894 \+ 24995 25169 281 229 100 168
7 906 \+ 27403 27580 385 235 480 188
7 893 \+ 24857 24992 157 256 281 223
7 905 \+ 27176 27401 317 289 385 229
7 892 \+ 24668 24855 275 310 157 250
7 891 \+ 24472 24665 114 351 275 304
7 904 \+ 26883 27173 514 371 317 283
7 890 \+ 24349 24470 32 390 114 345
7 170 \: 24349 25170 32 390 100 168
7 903 \+ 26726 26881 487 412 514 365
7 889 \+ 24157 24346 82 439 208 392
7 902 \+ 26504 26723 512 466 487 406
7 888 \+ 23988 24154 66 480 82 433
7 887 \+ 23923 23985 276 507 66 474
7 901 \+ 26267 26502 384 521 512 460
7 172 \: 26202 28221 317 546 137 670
7 900 \+ 26202 26264 317 546 384 515
7 886 \+ 23665 23920 32 575 276 501
7 169 \: 23665 24347 32 575 208 392
7 899 \+ 25922 26199 482 622 511 548
7 885 \+ 23442 23662 32 636 53 575
7 898 \+ 25769 25919 556 663 482 616
7 884 \+ 23212 23440 275 704 32 630
7 897 \+ 25593 25767 507 704 556 657
