= section3.gt 7 6
7 894 \+ 30052 30368 237 123 488 698
7 905 \+ 32411 32570 317 140 54 698
7 178 \: 32411 33503 317 140 76 466
7 893 \+ 29873 30049 173 164 237 135
7 892 \+ 29766 29870 192 191 173 176
7 891 \+ 29682 29763 32 216 192 203
7 175 \: 29682 30996 32 216 394 72
7 890 \+ 29584 29679 142 251 72 236
7 904 \+ 32255 32374 317 263 376 236
7 177 \: 32255 32375 317 263 376 236
7 889 \+ 29257 29582 170 333 142 263
7 903 \+ 31991 32252 381 339 345 283
7 902 \+ 31912 31989 546 367 381 351
7 888 \+ 29069 29254 75 374 170 345
7 901 \+ 31716 31909 355 407 546 379
7 900 \+ 31594 31713 316 435 355 419
7 887 \+ 28842 29066 32 440 75 386
7 174 \: 28842 29680 32 440 72 236
7 899 \+ 31494 31592 363 462 316 447
7 886 \+ 28691 28839 129 475 277 460
7 885 \+ 28500 28689 32 516 129 487
7 898 \+ 31309 31491 537 516 363 474
7 884 \+ 28223 28497 32 595 32 528
7 173 \: 28223 28840 32 595 277 460
7 897 \+ 30999 31306 317 596 537 528
7 176 \: 30999 32253 317 596 345 283
7 896 \+ 30510 30995 368 645 394 72
7 883 \+ 27935 28220 32 672 137 616
7 895 \+ 30370 30508 488 686 368 657
