= section3.gt 7 5
7 923 \+ 35683 35899 199 114 202 72
7 922 \+ 35612 35681 131 128 199 126
7 936 \+ 37690 37791 455 171 416 156
7 921 \+ 35376 35609 90 182 131 140
7 935 \+ 37602 37688 522 198 455 183
7 934 \+ 37512 37600 353 212 522 210
7 920 \+ 35260 35373 32 223 90 194
7 181 \: 35260 35900 32 223 202 72
7 933 \+ 37385 37509 532 253 353 224
7 932 \+ 37280 37383 526 280 532 265
7 183 \: 37187 37967 317 305 94 644
7 931 \+ 37187 37278 317 305 526 292
7 930 \+ 37037 37184 521 354 436 325
7 919 \+ 34717 35257 104 368 109 244
7 918 \+ 34573 34714 196 409 104 380
7 929 \+ 36717 37035 536 436 521 366
7 917 \+ 34380 34570 32 450 196 421
7 928 \+ 36562 36715 577 477 536 448
7 916 \+ 34221 34377 32 505 32 462
7 180 \: 34221 35258 32 505 109 244
7 927 \+ 36395 36559 317 504 577 489
7 926 \+ 36208 36393 507 558 317 516
7 915 \+ 33968 34218 165 568 287 525
7 914 \+ 33830 33965 275 608 165 580
7 913 \+ 33696 33827 163 636 275 620
7 925 \+ 35987 36206 325 661 507 570
7 912 \+ 33505 33693 32 690 163 648
7 179 \: 33505 34219 32 690 287 525
7 924 \+ 35902 35985 317 710 476 698
7 182 \: 35902 37185 317 710 436 325
