= section3.gt 7 3
7 971 \+ 39012 39305 285 126 410 684
7 981 \+ 41427 41785 317 133 221 698
7 970 \+ 38915 39009 68 140 285 120
7 980 \+ 41197 41425 317 188 317 127
7 969 \+ 38648 38911 91 208 68 134
7 968 \+ 38524 38645 32 246 91 202
7 979 \+ 41006 41195 477 242 317 182
7 967 \+ 38470 38521 66 313 44 293
7 186 \: 40688 41786 317 322 221 698
7 978 \+ 40688 41004 317 322 477 236
7 966 \+ 38298 38467 32 354 66 307
7 965 \+ 38166 38295 196 395 32 348
7 977 \+ 40347 40685 316 412 402 324
7 976 \+ 40283 40344 547 439 316 406
7 184 \: 37971 39306 32 447 410 684
7 964 \+ 37971 38164 32 447 196 389
7 963 \+ 37796 37968 32 507 94 449
7 975 \+ 39995 40280 520 507 547 433
7 974 \+ 39782 39992 518 561 520 501
7 973 \+ 39586 39779 354 602 518 555
7 962 \+ 37692 37793 170 649 132 616
7 961 \+ 37604 37690 237 676 170 643
7 972 \+ 39308 39583 317 684 354 596
7 185 \: 39308 40686 317 684 402 324
7 960 \+ 37514 37602 68 690 237 670
