= section3.gt 7 5
7 987 \+ 42788 43044 32 101 223 81
7 992 \+ 43963 44142 260 143 393 698
7 1004 \+ 46049 46352 518 139 140 711
7 991 \+ 43856 43960 32 156 260 155
7 191 \: 45951 46842 317 164 59 589
7 1003 \+ 45951 46046 317 164 518 151
7 990 \+ 43658 43853 99 211 32 168
7 1002 \+ 45753 45948 506 227 398 185
7 1001 \+ 45528 45750 495 282 506 239
7 188 \: 43316 44530 32 303 428 602
7 989 \+ 43316 43656 32 303 99 223
7 1000 \+ 45371 45525 359 309 495 294
7 999 \+ 45226 45368 477 350 359 321
7 988 \+ 43047 43313 278 380 255 324
7 998 \+ 45095 45223 394 377 477 362
7 986 \+ 42705 42786 119 394 268 392
7 997 \+ 44970 45092 317 413 394 389
7 190 \: 44970 45949 317 413 398 185
7 985 \+ 42477 42702 88 448 119 406
7 984 \+ 42229 42474 238 516 88 460
7 983 \+ 42105 42226 195 543 238 528
7 996 \+ 44690 44946 551 543 478 487
7 982 \+ 41933 42103 179 584 195 555
7 995 \+ 44532 44687 317 582 551 555
7 189 \: 44532 44947 317 582 478 487
7 981 \+ 41788 41930 32 623 179 596
7 187 \: 41788 43314 32 623 255 324
7 994 \+ 44290 44529 349 645 428 602
7 993 \+ 44145 44287 393 686 349 657
