= section3.gt 7 3
7 1000 \+ 49925 50038 244 60 561 670
7 194 \: 49542 50548 32 99 401 507
7 999 \+ 49698 49922 32 99 244 72
7 1015 \+ 51884 52006 533 123 226 711
7 998 \+ 49542 49695 127 148 246 119
7 1014 \+ 51687 51881 503 164 533 135
7 997 \+ 49352 49539 164 203 127 160
7 1013 \+ 51528 51684 444 241 503 176
7 996 \+ 49137 49349 271 257 164 215
7 1012 \+ 51320 51525 573 268 444 253
7 995 \+ 48941 49134 125 284 271 269
7 1011 \+ 51243 51318 474 281 573 280
7 1010 \+ 51172 51240 362 295 474 293
7 994 \+ 48804 48938 111 325 125 296
7 993 \+ 48632 48801 143 352 111 337
7 992 \+ 48524 48629 256 379 143 364
7 1009 \+ 51097 51170 317 390 362 307
7 991 \+ 48438 48521 182 407 256 391
7 1008 \+ 50903 51094 532 407 413 406
7 990 \+ 48312 48435 32 435 182 419
7 193 \: 48226 49540 32 435 246 119
7 1007 \+ 50869 50900 424 435 532 419
7 1006 \+ 50739 50866 368 448 424 447
7 989 \+ 48226 48309 116 468 79 453
7 1005 \+ 50669 50736 317 489 368 460
7 195 \: 50550 52653 317 489 59 72
7 988 \+ 48121 48223 194 522 116 480
7 1004 \+ 50550 50667 460 536 401 507
7 987 \+ 47917 48118 143 563 194 534
7 1003 \+ 50397 50547 336 590 460 548
7 1002 \+ 50159 50394 317 618 336 602
7 986 \+ 47743 47915 198 631 143 575
7 985 \+ 47477 47741 82 658 198 643
7 1001 \+ 50041 50156 561 658 317 630
7 984 \+ 47342 47475 242 699 82 670
