= section3.gt 7 5
7 1037 \+ 60491 61108 78 140 279 130
7 1056 \+ 63913 64148 554 177 153 559
7 1030 \+ 59303 59411 65 188 193 169
7 203 \: 63141 64302 317 204 117 464
7 1055 \+ 63248 63910 317 204 554 189
7 1029 \+ 59063 59299 279 246 65 197
7 1054 \+ 63141 63246 347 251 474 223
7 1028 \+ 58536 59060 280 265 279 255
7 1053 \+ 62953 63138 480 306 347 263
7 1039 \+ 61315 61488 209 316 406 698
7 1052 \+ 62761 62950 395 333 480 318
7 1051 \+ 62635 62758 454 374 395 345
7 1050 \+ 62484 62633 317 415 454 386
7 202 \: 62349 63139 317 415 474 223
7 1049 \+ 62349 62481 484 448 371 433
7 200 \: 59998 61489 32 454 433 657
7 1036 \+ 60296 60489 32 454 78 149
7 1048 \+ 62257 62346 401 462 484 460
7 1047 \+ 62178 62254 438 489 401 474
7 1035 \+ 59998 60293 99 515 158 472
7 1046 \+ 62064 62175 431 516 438 501
7 1034 \+ 59768 59995 112 528 99 527
7 1045 \+ 61953 62061 398 543 431 528
7 1044 \+ 61835 61950 406 557 398 555
7 1033 \+ 59717 59766 162 569 112 540
7 1043 \+ 61781 61832 395 584 406 569
7 1032 \+ 59556 59714 44 596 162 581
7 1042 \+ 61674 61778 363 611 395 596
7 1031 \+ 59414 59553 32 639 44 608
7 199 \: 59303 59996 32 639 158 472
7 1041 \+ 61553 61671 317 636 363 623
7 201 \: 61491 62347 317 636 371 433
7 1040 \+ 61491 61550 406 686 433 657
7 1027 \+ 58388 58533 197 699 280 274
