= section3.gt 7 6
7 1054 \+ 59307 59415 65 91 193 72
7 1061 \+ 60495 61112 363 140 563 130
7 1053 \+ 59067 59303 279 149 65 100
7 1052 \+ 58540 59064 280 168 279 158
7 1056 \+ 59560 59718 44 186 446 698
7 1071 \+ 62182 62258 438 182 117 711
7 1070 \+ 62068 62179 431 209 438 194
7 204 \: 59307 60000 32 227 442 589
7 1055 \+ 59418 59557 32 227 44 198
7 1069 \+ 61957 62065 398 237 431 221
7 1068 \+ 61839 61954 406 250 398 249
7 1067 \+ 61785 61836 395 277 406 262
7 1051 \+ 58392 58537 197 288 280 177
7 1066 \+ 61678 61782 363 305 395 289
7 1050 \+ 58289 58389 32 329 197 300
7 203 \: 58154 59304 32 329 193 72
7 206 \: 61495 62351 317 330 86 670
7 1065 \+ 61557 61675 317 330 363 317
7 1049 \+ 58154 58286 32 363 88 347
7 1064 \+ 61495 61554 406 379 433 351
7 1048 \+ 58028 58151 180 417 32 375
7 1063 \+ 61319 61492 493 434 406 391
7 1047 \+ 57840 58025 32 442 180 429
7 202 \: 57749 58152 32 442 88 347
7 1046 \+ 57749 57837 32 464 281 463
7 1045 \+ 57635 57746 140 519 32 476
7 1044 \+ 57441 57633 225 546 140 531
7 205 \: 60002 61493 317 571 433 351
7 1060 \+ 60300 60493 317 571 363 149
7 1043 \+ 57351 57439 203 587 225 558
7 1059 \+ 60002 60297 383 631 442 589
7 1042 \+ 57177 57349 32 636 203 599
7 201 \: 56979 57747 32 636 281 463
7 1058 \+ 59772 59999 397 645 383 643
7 1057 \+ 59721 59770 446 686 397 657
