= section3.gt 7 5
7 1133 \+ 64912 65064 317 85 340 75
7 1119 \+ 63454 63516 32 100 113 81
7 1139 \+ 65768 65861 512 116 121 711
7 1118 \+ 63378 63449 32 136 146 117
7 1138 \+ 65597 65765 497 156 512 128
7 1117 \+ 63302 63373 32 170 146 153
7 1116 \+ 63261 63299 269 191 190 189
7 1137 \+ 65402 65594 339 197 497 168
7 208 \: 63154 64327 32 218 401 467
7 1115 \+ 63154 63259 32 218 269 203
7 1136 \+ 65263 65399 457 238 339 209
7 1114 \+ 62966 63151 62 265 190 236
7 210 \: 65182 66506 317 265 223 562
7 1135 \+ 65182 65260 317 265 457 250
7 1134 \+ 65067 65179 434 299 449 284
7 1113 \+ 62774 62963 196 319 62 277
7 1132 \+ 64798 64910 411 326 420 311
7 1112 \+ 62648 62771 110 347 196 331
7 1131 \+ 64692 64795 450 353 411 338
7 1130 \+ 64579 64690 440 380 450 365
7 1111 \+ 62497 62646 169 387 110 359
7 1129 \+ 64510 64576 390 394 440 392
7 1128 \+ 64402 64507 410 421 390 406
7 1110 \+ 62362 62494 32 428 169 399
7 207 \: 62362 63152 32 428 190 236
7 1127 \+ 64329 64399 317 448 410 433
7 209 \: 64329 65180 317 448 449 284
7 1109 \+ 62270 62359 200 462 86 447
7 1108 \+ 62191 62267 117 475 200 474
7 1126 \+ 64238 64326 519 482 401 467
7 1125 \+ 64176 64235 489 495 519 494
7 1107 \+ 62077 62188 154 503 117 487
7 1106 \+ 61966 62074 147 530 154 515
7 1124 \+ 63938 64173 438 550 489 507
7 1105 \+ 61848 61963 114 557 147 542
7 1104 \+ 61794 61845 121 571 114 569
7 1123 \+ 63857 63935 317 577 438 562
7 1103 \+ 61687 61791 111 598 121 583
7 1122 \+ 63752 63853 317 616 549 598
7 1102 \+ 61566 61684 78 625 111 610
7 1101 \+ 61504 61563 32 649 78 637
7 206 \: 61504 62360 32 649 86 447
7 1121 \+ 63600 63747 317 681 358 634
7 1100 \+ 61328 61501 121 699 148 670
7 1120 \+ 63521 63595 317 710 447 698
