= section3.gt 7 3
7 1146 \+ 68288 68526 138 88 440 698
7 1145 \+ 68132 68285 230 129 138 100
7 1161 \+ 70827 71178 472 176 283 711
7 212 \: 67880 69096 32 195 457 562
7 1144 \+ 67880 68129 32 195 230 141
7 1160 \+ 70728 70824 548 203 472 188
7 1159 \+ 70594 70725 443 231 548 215
7 1158 \+ 70531 70591 386 244 443 243
7 1143 \+ 67605 67877 234 271 142 215
7 1157 \+ 70378 70528 459 285 386 256
7 1142 \+ 67452 67602 32 299 234 283
7 1156 \+ 70312 70376 399 299 459 297
7 1141 \+ 67356 67449 145 326 32 311
7 1155 \+ 70210 70309 447 326 399 311
7 1140 \+ 67249 67354 166 353 145 338
7 1154 \+ 69785 69944 464 367 433 338
7 1139 \+ 67043 67247 217 407 166 365
7 1153 \+ 69544 69783 382 421 464 379
7 1138 \+ 66814 67040 184 462 217 419
7 1152 \+ 69376 69541 355 462 382 433
7 1151 \+ 69277 69373 378 489 355 474
7 1137 \+ 66642 66811 166 503 184 474
7 1136 \+ 66496 66639 32 541 166 515
7 211 \: 66496 67878 32 541 142 215
7 213 \: 69098 71179 317 541 283 711
7 1150 \+ 69098 69274 317 541 378 501
7 1135 \+ 66393 66493 250 577 223 562
7 1149 \+ 68899 69095 345 590 457 562
7 1134 \+ 66207 66390 194 618 250 589
7 1148 \+ 68753 68896 437 631 345 602
7 1133 \+ 66095 66204 187 645 194 630
7 1132 \+ 65952 66092 56 672 187 657
7 1147 \+ 68529 68751 440 686 437 643
7 1131 \+ 65851 65950 121 699 56 684
