= intro.gt 2 5
2 86 \+ 19419 19920 112 88 474 630
2 93 \+ 21906 22171 317 93 269 684
2 19 \: 21906 22282 317 93 269 657
2 92 \+ 21699 21903 483 156 429 114
2 91 \+ 21528 21696 418 197 483 168
2 85 \+ 18788 19416 281 251 112 100
2 84 \+ 18731 18785 293 265 281 263
2 90 \+ 21232 21526 536 279 418 209
2 16 \: 18447 20276 32 333 343 534
2 83 \+ 18447 18728 32 333 293 277
2 89 \+ 20790 21229 317 385 536 291
2 18 \: 20790 21904 317 385 429 114
2 82 \+ 18068 18444 126 435 54 351
2 81 \+ 17970 18065 197 462 126 447
2 80 \+ 17846 17967 134 489 197 474
2 79 \+ 17744 17843 192 516 134 501
2 88 \+ 20278 20787 317 513 571 406
2 17 \: 20278 20788 317 513 571 406
2 78 \+ 17563 17741 133 557 192 528
2 77 \+ 17496 17560 32 582 133 569
2 15 \: 17496 18445 32 582 54 351
2 87 \+ 19923 20275 474 618 343 534
2 76 \+ 17110 17493 124 686 88 602
