= section3.gt 7 5
7 1144 \+ 74183 74281 172 73 317 684
7 1143 \+ 73986 74180 253 101 172 85
7 218 \: 73791 75466 32 128 547 385
7 1142 \+ 73888 73983 32 128 253 113
7 1155 \+ 76702 76940 446 161 53 698
7 1141 \+ 73791 73885 110 177 254 149
7 1140 \+ 73586 73788 97 232 110 189
7 1154 \+ 76342 76699 317 243 446 173
7 1139 \+ 73355 73583 163 259 97 244
7 1138 \+ 73258 73352 32 300 163 271
7 217 \: 73125 73789 32 300 254 149
7 1153 \+ 75978 76339 571 311 317 255
7 1137 \+ 73125 73256 159 349 187 321
7 219 \: 75468 76941 317 364 183 643
7 1152 \+ 75746 75975 317 364 571 323
7 1136 \+ 72952 73122 76 390 159 361
7 1151 \+ 75468 75743 421 400 547 385
7 1135 \+ 72773 72949 32 442 76 402
7 216 \: 72603 73123 32 442 187 321
7 1150 \+ 75329 75465 461 441 421 412
7 1149 \+ 75167 75326 496 482 461 453
7 1148 \+ 75002 75164 424 550 496 494
7 1134 \+ 72603 72771 32 596 81 539
7 215 \: 72344 72564 32 596 81 539
7 1147 \+ 74713 74999 372 604 424 562
7 1133 \+ 72344 72563 101 658 286 616
7 1146 \+ 74481 74710 525 658 372 616
7 1145 \+ 74283 74479 317 672 525 670
7 1132 \+ 72080 72341 196 686 101 670
