= section3.gt 7 4
7 1209 \+ 79693 79871 571 74 172 684
7 1200 \+ 77911 78170 32 115 504 711
7 221 \: 77911 78317 32 115 398 670
7 1208 \+ 79452 79690 498 128 571 86
7 1199 \+ 77694 77908 276 178 287 136
7 1198 \+ 77605 77691 106 192 276 190
7 1207 \+ 79198 79449 559 196 498 140
7 1206 \+ 79029 79195 317 234 559 208
7 1197 \+ 77398 77602 170 246 106 204
7 1196 \+ 77329 77395 101 260 170 258
7 1195 \+ 77204 77327 32 298 101 272
7 1194 \+ 77105 77201 208 394 140 379
7 1193 \+ 76960 77102 32 432 208 406
7 220 \: 76960 77909 32 432 287 136
7 223 \: 79004 80266 317 466 248 589
7 1205 \+ 79004 79026 317 466 442 467
7 1192 \+ 76719 76957 53 495 183 453
7 1204 \+ 78754 79001 562 543 427 487
7 1203 \+ 78567 78752 471 584 562 555
7 1191 \+ 76359 76716 161 590 53 507
7 1202 \+ 78319 78564 317 650 471 596
7 222 \: 78319 79002 317 650 427 487
7 1190 \+ 75995 76356 32 672 161 602
7 1201 \+ 78173 78316 504 699 398 670
