= section3.gt 7 4
7 1240 \+ 84000 84205 544 112 176 698
7 1239 \+ 83847 83998 317 150 544 106
7 1230 \+ 81931 82293 172 161 351 711
7 1238 \+ 83783 83844 316 244 360 225
7 1229 \+ 81420 81928 59 283 172 155
7 1237 \+ 83606 83780 571 299 316 238
7 1228 \+ 81326 81418 134 310 59 277
7 1236 \+ 83376 83604 559 353 571 293
7 225 \: 81141 82294 32 362 351 711
7 1227 \+ 81141 81323 32 362 134 304
7 227 \: 83275 84206 317 377 176 698
7 1235 \+ 83275 83374 317 377 559 347
7 1226 \+ 81055 81138 89 385 224 365
7 1225 \+ 80964 81053 198 412 89 379
7 1234 \+ 82935 83272 456 468 520 380
7 1224 \+ 80675 80962 141 480 198 406
7 1233 \+ 82703 82932 407 522 456 462
7 1223 \+ 80488 80673 283 534 141 474
7 1222 \+ 80280 80486 32 586 283 528
7 224 \: 80280 81139 32 586 224 365
7 1232 \+ 82412 82700 317 602 407 516
7 1221 \+ 80130 80277 70 622 248 589
7 1220 \+ 79991 80128 174 663 70 616
7 1219 \+ 79886 79988 172 690 174 657
7 1231 \+ 82296 82409 317 711 342 664
7 226 \: 82296 83273 317 711 520 380
