= section3.gt 7 4
= conclusion.gt 1 1
1 1224 \+ 673 959 380 101 159 698
7 1212 \+ 87475 87575 63 114 415 684
7 1211 \+ 87075 87472 199 182 63 126
1 1223 \+ 284 671 571 209 380 113
7 1210 \+ 86826 87072 122 223 199 194
7 1209 \+ 86643 86823 279 250 122 235
1 233 \: 12 1162 317 273 61 643
1 1222 \+ 12 282 317 273 571 221
7 231 \: 86400 87473 32 292 415 684
7 1208 \+ 86564 86640 32 292 279 262
7 1207 \+ 86400 86561 178 327 73 312
7 1206 \+ 86306 86397 166 368 178 339
7 1221 \+ 0 0 417 365 447 350
7 1220 \+ 88660 88782 494 393 417 377
7 1205 \+ 86126 86303 71 409 166 380
7 1219 \+ 88560 88658 364 420 494 405
7 1218 \+ 88420 88558 350 461 364 432
7 1204 \+ 85936 86123 32 478 71 421
7 230 \: 85711 86398 32 478 73 312
7 1217 \+ 88255 88417 562 515 350 473
7 1203 \+ 85711 85933 133 540 173 498
7 1216 \+ 88071 88252 542 569 562 527
7 1202 \+ 85485 85708 132 581 133 552
7 1215 \+ 87850 88068 357 583 542 581
7 1201 \+ 85321 85483 32 608 132 593
7 1214 \+ 87757 87847 557 637 357 595
7 1200 \+ 85186 85319 32 650 32 620
7 229 \: 85083 85709 32 650 173 498
7 1213 \+ 87577 87754 317 664 557 649
7 232 \: 87475 88783 317 664 447 350
7 1199 \+ 85083 85183 223 699 148 670
