= conclusion.gt 1 3
1 1274 \+ 4805 5109 566 122 158 698
1 1265 \+ 2040 2482 253 158 559 711
1 1273 \+ 4620 4802 483 163 566 134
1 1264 \+ 1719 2037 32 226 253 170
1 1263 \+ 1596 1717 251 267 32 238
1 1272 \+ 4185 4617 525 271 483 175
1 234 \: 1164 3747 32 376 437 398
1 1262 \+ 1164 1593 32 376 251 279
1 235 \: 3749 5472 317 378 61 602
1 1271 \+ 3749 4182 317 378 525 283
1 1261 \+ 962 1161 159 437 61 394
1 1270 \+ 3399 3746 373 468 437 398
1 1260 \+ 673 959 96 505 159 449
1 1269 \+ 3257 3396 513 509 373 480
1 1268 \+ 2999 3255 344 563 513 521
1 1259 \+ 284 671 286 614 96 517
1 1267 \+ 2646 2996 507 658 344 575
1 1258 \+ 12 282 32 676 286 626
1 233 \: 12 1162 32 676 61 394
1 1266 \+ 2485 2643 559 699 507 670
