= conclusion.gt 1 4
1 1293 \+ 7401 7634 184 88 522 698
1 1300 \+ 9882 10186 517 115 141 698
1 1292 \+ 7030 7398 281 183 184 100
1 1299 \+ 9519 9879 418 197 517 127
1 1291 \+ 6770 7028 99 238 281 195
1 237 \: 6544 7635 32 306 522 698
1 1290 \+ 6544 6767 32 306 99 250
1 239 \: 9107 12609 317 303 237 494
1 1298 \+ 9107 9516 317 303 418 209
1 1289 \+ 6398 6541 206 353 116 324
1 1288 \+ 6202 6395 89 394 206 365
1 1297 \+ 8738 9104 541 407 446 324
1 1287 \+ 5768 6200 158 503 89 406
1 1296 \+ 8354 8735 538 503 541 419
1 1286 \+ 5660 5765 164 530 158 515
1 1295 \+ 8164 8351 478 543 538 515
1 1285 \+ 5550 5657 156 557 164 542
1 1284 \+ 5474 5547 32 584 156 569
1 236 \: 5474 6542 32 584 116 324
1 1294 \+ 7637 8162 317 677 478 555
1 238 \: 7637 9105 317 677 446 324
1 1283 \+ 5111 5471 158 686 61 602
