= conclusion.gt 1 2
1 1298 \+ 11619 11783 88 91 180 81
1 1297 \+ 11404 11617 69 120 88 100
1 1296 \+ 11089 11402 196 167 69 129
1 1308 \+ 14302 14727 364 175 358 127
1 1295 \+ 10828 11086 32 196 196 176
1 1294 \+ 10637 10825 108 224 32 205
1 1314 \+ 16276 16649 496 244 145 643
1 1293 \+ 10188 10634 32 281 108 233
1 1313 \+ 16035 16273 405 299 496 256
1 1312 \+ 15865 16033 417 339 405 311
1 1304 \+ 13085 13415 147 353 534 698
1 1311 \+ 15595 15862 401 407 417 351
1 240 \: 12611 15367 32 473 556 494
1 1303 \+ 12611 13082 32 473 147 365
1 241 \: 15369 16650 317 473 145 643
1 1310 \+ 15369 15593 317 473 401 419
1 1302 \+ 12424 12608 123 522 237 494
1 1307 \+ 13826 14299 425 577 364 184
1 1301 \+ 12110 12421 180 604 123 534
1 1300 \+ 11979 12108 71 631 180 616
1 1306 \+ 13598 13823 371 631 425 589
1 1299 \+ 11786 11977 155 686 71 643
1 1305 \+ 13418 13596 534 686 371 643
