= conclusion.gt 1 6
1 1302 \+ 28763 29635 317 60 277 422
1 249 \: 28763 29995 317 60 95 284
1 1289 \+ 26216 26348 95 73 478 711
1 1301 \+ 28689 28760 523 93 353 78
1 246 \: 26101 26660 32 117 347 630
1 1288 \+ 26101 26213 32 117 95 85
1 1287 \+ 25926 26098 190 164 228 135
1 1300 \+ 28402 28686 448 161 523 105
1 1299 \+ 28151 28399 317 216 448 173
1 1286 \+ 25550 25924 278 259 190 176
1 1298 \+ 28024 28149 524 256 317 228
1 1297 \+ 27815 28021 317 313 524 268
1 248 \: 27815 28761 317 313 353 78
1 1285 \+ 25228 25547 32 342 278 271
1 245 \: 25228 26099 32 342 228 135
1 1296 \+ 27616 27812 438 362 546 333
1 1284 \+ 25097 25225 281 391 96 362
1 1283 \+ 24948 25094 77 418 281 403
1 1295 \+ 27327 27613 338 430 438 374
1 1282 \+ 24744 24945 120 472 77 430
1 1294 \+ 27208 27324 552 471 338 442
1 1293 \+ 27075 27205 442 498 552 483
1 1281 \+ 24563 24742 32 528 120 484
1 244 \: 24563 25226 32 528 96 362
1 1292 \+ 26906 27072 433 539 442 510
1 1280 \+ 24488 24560 80 550 167 548
1 1291 \+ 26662 26903 317 611 433 551
1 247 \: 26662 27813 317 611 546 333
1 1279 \+ 24221 24485 111 618 80 562
1 1278 \+ 24035 24218 249 672 111 630
1 1290 \+ 26350 26659 478 699 347 630
