= conclusion.gt 1 7
1 1316 \+ 27071 27201 442 73 268 711
1 1304 \+ 24559 24738 32 101 404 711
1 249 \: 24559 25222 32 101 381 589
1 1315 \+ 26902 27068 433 114 442 85
1 1303 \+ 24484 24556 80 123 167 122
1 252 \: 26658 27809 317 185 261 562
1 1314 \+ 26658 26899 317 185 433 126
1 1302 \+ 24217 24481 111 191 80 135
1 1301 \+ 24031 24214 249 246 111 203
1 1313 \+ 26346 26655 478 273 347 203
1 1312 \+ 26212 26344 379 300 478 285
1 1311 \+ 26097 26209 317 344 379 312
1 251 \: 26097 26656 317 344 347 203
1 1300 \+ 23600 24028 32 355 249 258
1 248 \: 23600 24557 32 355 167 122
1 1299 \+ 23498 23597 32 377 231 376
1 1310 \+ 25922 26094 475 391 513 362
1 1298 \+ 23219 23496 32 445 32 389
1 1309 \+ 25546 25920 563 486 475 403
1 1308 \+ 25224 25543 317 568 563 498
1 250 \: 25224 26095 317 568 513 362
1 1297 \+ 22727 23217 32 584 32 457
1 247 \: 22727 23598 32 584 231 376
1 1307 \+ 25093 25221 566 618 381 589
1 1296 \+ 22532 22724 197 645 56 602
1 1306 \+ 24944 25090 361 645 566 630
1 1305 \+ 24740 24941 404 699 361 657
1 1295 \+ 22281 22529 32 710 197 657
1 246 \: 22281 22725 32 710 56 602
