= conclusion.gt 1 2
1 1325 \+ 28759 29631 32 305 561 684
1 254 \: 28759 29991 32 305 379 553
1 1324 \+ 28685 28756 239 339 68 324
1 1323 \+ 28398 28682 163 407 239 351
1 1322 \+ 28147 28395 32 461 163 419
1 1321 \+ 28020 28145 239 502 32 473
1 1320 \+ 27811 28017 32 555 239 514
1 253 \: 27811 28757 32 555 68 324
1 1328 \+ 29867 29990 338 590 379 553
1 1319 \+ 27612 27808 154 604 261 575
1 1327 \+ 29765 29865 511 631 338 602
1 1326 \+ 29634 29763 341 658 511 643
1 1318 \+ 27323 27609 53 672 154 616
