= intro.gt 2 3
2 118 \+ 27628 28021 391 114 137 684
2 102 \+ 24978 25273 190 128 287 72
2 101 \+ 24825 24975 253 169 190 140
2 23 \: 27445 28939 317 176 204 466
2 117 \+ 27445 27625 317 176 391 126
2 116 \+ 27191 27442 317 237 428 194
2 113 \+ 26985 27001 389 291 477 303
2 114 \+ 27003 27017 477 291 561 303
2 115 \+ 27020 27188 561 291 317 249
2 100 \+ 24224 24822 61 305 253 181
2 112 \+ 26952 26982 494 305 389 303
2 111 \+ 26753 26950 316 346 494 317
2 110 \+ 26569 26750 524 400 316 358
2 108 \+ 26484 26507 394 414 504 426
2 109 \+ 26510 26566 504 414 524 412
2 107 \+ 26455 26481 531 427 394 426
2 99 \+ 23661 24221 32 462 61 317
2 21 \: 23661 25274 32 462 287 72
2 106 \+ 26129 26452 358 495 531 439
2 98 \+ 23322 23658 163 550 158 480
2 105 \+ 25617 26126 549 631 358 507
2 97 \+ 22935 23319 216 645 163 562
2 104 \+ 25455 25614 346 658 549 643
2 103 \+ 25276 25452 317 710 346 670
2 22 \: 25276 27443 317 710 428 194
