= intro.gt 2 4
2 130 \+ 29809 29911 262 79 521 698
2 129 \+ 29605 29806 78 120 262 73
2 139 \+ 32092 32432 317 158 89 711
2 26 \: 32092 34360 317 158 242 249
2 128 \+ 29271 29602 95 201 78 114
2 127 \+ 29059 29268 87 256 95 195
2 138 \+ 31566 32089 371 289 509 161
2 24 \: 28944 29912 32 294 521 698
2 126 \+ 28944 29057 32 294 87 250
2 137 \+ 31323 31563 344 344 371 283
2 125 \+ 28727 28941 254 357 204 297
2 124 \+ 28629 28724 60 371 254 351
2 123 \+ 28549 28626 220 398 60 365
2 122 \+ 28461 28546 88 412 220 392
2 136 \+ 30950 31320 434 439 344 338
2 121 \+ 28321 28458 229 453 88 406
2 135 \+ 30750 30947 563 493 434 433
2 120 \+ 28027 28318 137 521 229 447
2 134 \+ 30559 30747 436 534 563 487
2 133 \+ 30395 30556 499 575 436 528
2 119 \+ 27631 28024 107 616 137 515
2 132 \+ 30125 30393 536 643 499 569
2 118 \+ 27448 27628 32 670 107 610
2 23 \: 27448 28942 32 670 204 297
2 131 \+ 29914 30122 317 695 536 637
2 25 \: 29914 32090 317 695 509 161
