= intro.gt 2 3
2 164 \+ 37560 37668 530 61 227 698
2 163 \+ 37412 37557 353 88 530 73
2 152 \+ 34860 34872 83 95 157 107
2 153 \+ 34875 35195 157 95 449 670
2 150 \+ 34818 34839 122 108 255 120
2 151 \+ 34842 34858 255 108 83 107
2 149 \+ 34799 34815 279 122 122 120
2 162 \+ 37213 37409 457 143 353 100
2 148 \+ 34541 34796 140 176 279 134
2 161 \+ 36927 37210 384 211 457 155
2 27 \: 34360 35620 32 228 572 575
2 147 \+ 34360 34538 32 228 140 188
2 29 \: 36643 37885 317 290 212 643
2 160 \+ 36643 36925 317 290 384 223
2 159 \+ 36543 36640 553 326 515 311
2 146 \+ 33967 34357 237 332 242 249
2 158 \+ 36279 36540 353 380 553 338
2 144 \+ 33659 33707 32 400 276 412
2 145 \+ 33710 33964 276 400 237 344
2 157 \+ 36128 36276 399 421 353 392
2 143 \+ 33431 33656 266 468 32 412
2 156 \+ 35887 36125 547 489 399 433
2 142 \+ 33207 33429 263 522 266 480
2 155 \+ 35622 35885 317 554 547 501
2 28 \: 35622 36641 317 554 515 311
2 141 \+ 32990 33204 32 563 263 534
2 140 \+ 32647 32987 32 645 32 575
2 154 \+ 35198 35619 449 658 572 575
2 139 \+ 32433 32644 89 699 32 657
