= intro.gt 2 5
2 176 \+ 39950 40057 129 88 115 73
2 189 \+ 42327 42803 451 129 83 670
2 34 \: 42244 43908 317 154 64 398
2 188 \+ 42244 42324 317 154 451 141
2 175 \+ 39459 39947 200 211 129 100
2 187 \+ 42014 42241 520 217 572 175
2 186 \+ 41844 42012 505 258 520 229
2 174 \+ 39205 39456 32 276 200 223
2 31 \: 39205 40058 32 276 115 73
2 185 \+ 41687 41841 556 299 505 270
2 184 \+ 41476 41684 374 339 556 311
2 173 \+ 38890 39202 209 367 159 297
2 172 \+ 38701 38887 100 407 209 379
2 183 \+ 41137 41473 317 432 374 351
2 33 \: 41137 42242 317 432 572 175
2 171 \+ 38553 38698 170 448 100 419
2 182 \+ 41005 41134 365 468 468 453
2 170 \+ 38408 38550 289 489 170 460
2 181 \+ 40779 41002 363 522 365 480
2 169 \+ 38190 38405 263 543 289 501
2 180 \+ 40558 40777 345 577 363 534
2 168 \+ 38032 38188 264 584 263 555
2 167 \+ 37887 38030 32 623 264 596
2 30 \: 37887 39203 32 623 159 297
2 166 \+ 37815 37884 135 645 212 643
2 179 \+ 40244 40556 437 658 345 589
2 165 \+ 37671 37812 227 686 135 657
2 178 \+ 40118 40242 345 686 437 670
2 177 \+ 40060 40115 317 710 345 698
2 32 \: 40060 41135 317 710 468 453
