= section1.gt 3 4
3 217 \+ 4163 4490 179 128 443 711
3 228 \+ 6205 6266 438 128 481 126
3 216 \+ 4053 4160 174 155 179 140
3 227 \+ 6040 6203 433 169 438 140
3 215 \+ 3894 4051 195 196 174 167
3 226 \+ 5916 6037 564 210 433 181
3 39 \: 3761 5158 32 235 517 468
3 225 \+ 5702 5914 317 262 564 222
3 213 \+ 3632 3760 174 270 276 255
3 212 \+ 3422 3630 209 325 174 282
3 224 \+ 5631 5700 433 327 519 326
3 211 \+ 3227 3419 65 366 209 337
3 223 \+ 5449 5628 384 368 433 339
3 210 \+ 3102 3224 259 406 65 378
3 209 \+ 3003 3099 32 431 259 418
3 40 \: 5159 6712 317 448 88 576
3 221 \+ 5057 5158 558 484 517 468
3 38 \: 2966 3760 32 496 276 255
3 220 \+ 4781 5054 476 552 558 496
3 207 \+ 2655 2965 204 584 86 514
3 219 \+ 4565 4778 421 606 476 564
3 206 \+ 2477 2653 177 625 204 596
3 218 \+ 4492 4562 317 631 421 618
3 37 \: 2333 2965 32 663 86 514
