= section1.gt 3 5
3 239 \+ 8488 8736 32 102 500 698
3 43 \: 8488 9306 32 102 468 548
3 238 \+ 8324 8485 32 137 285 122
3 250 \+ 10327 10823 317 140 191 670
3 45 \: 10327 12090 317 140 218 358
3 237 \+ 8198 8322 216 178 32 149
3 249 \+ 10132 10324 457 203 367 160
3 236 \+ 7890 8195 93 246 216 190
3 248 \+ 9898 10129 431 257 448 215
3 247 \+ 9829 9895 317 271 431 269
3 246 \+ 9717 9826 316 298 317 283
3 235 \+ 7601 7887 32 328 93 258
3 42 \: 7601 8486 32 328 285 122
3 245 \+ 9597 9714 317 337 316 310
3 234 \+ 7170 7598 195 446 123 349
3 244 \+ 9452 9594 317 453 442 426
3 233 \+ 6996 7167 120 487 195 458
3 243 \+ 9308 9449 317 528 492 500
3 44 \: 9308 10325 317 528 367 160
3 232 \+ 6779 6993 32 558 120 499
3 41 \: 6779 7599 32 558 123 349
3 242 \+ 9021 9305 356 604 468 548
3 231 \+ 6510 6776 100 632 88 576
3 241 \+ 8880 9019 467 645 356 616
3 230 \+ 6360 6507 174 673 100 644
3 229 \+ 6328 6357 32 687 174 685
3 240 \+ 8738 8878 500 686 467 657
