= section1.gt 3 3
3 277 \+ 15359 15608 393 87 287 698
3 263 \+ 12857 13086 93 101 414 711
3 276 \+ 15278 15356 510 114 393 99
3 262 \+ 12691 12854 97 141 93 113
3 275 \+ 15078 15275 544 169 510 126
3 261 \+ 12533 12688 57 182 97 153
3 274 \+ 14913 15075 538 209 544 181
3 260 \+ 12382 12530 114 223 57 194
3 273 \+ 14823 14910 353 223 538 221
3 259 \+ 12285 12379 172 250 114 235
3 272 \+ 14579 14820 446 291 353 235
3 258 \+ 12040 12282 31 305 172 262
3 271 \+ 14455 14576 374 318 446 303
3 46 \: 11944 13086 32 351 414 711
3 48 \: 14293 15608 317 370 287 698
3 256 \+ 11742 11943 32 400 218 371
3 269 \+ 13958 14292 405 461 451 391
3 255 \+ 11463 11739 268 482 32 412
3 268 \+ 13838 13956 317 488 405 473
3 267 \+ 13667 13835 542 543 317 500
3 254 \+ 11133 11460 65 550 268 494
3 266 \+ 13480 13664 435 583 542 555
3 253 \+ 10929 11131 87 604 65 562
3 252 \+ 10847 10926 208 631 87 616
3 265 \+ 13242 13478 317 638 435 595
3 251 \+ 10699 10845 191 672 208 643
3 47 \: 13087 14292 317 693 451 391
