= section1.gt 3 4
3 291 \+ 18162 18432 102 60 380 657
3 301 \+ 20726 21053 408 60 120 643
3 290 \+ 18068 18159 147 87 102 72
3 300 \+ 20568 20723 456 101 408 72
3 289 \+ 17802 18065 204 155 147 99
3 299 \+ 20349 20565 530 155 456 113
3 288 \+ 17732 17799 118 169 204 167
3 287 \+ 17624 17729 113 196 118 181
3 298 \+ 20192 20347 562 196 530 167
3 52 \: 19975 21054 317 249 120 643
3 297 \+ 19975 20189 317 249 562 208
3 286 \+ 17296 17621 71 277 113 208
3 285 \+ 17250 17293 106 291 71 289
3 296 \+ 19636 19972 494 339 525 269
3 295 \+ 19414 19633 453 393 494 351
3 50 \: 16844 18626 32 398 504 616
3 284 \+ 16844 17247 32 398 106 303
3 283 \+ 16608 16841 188 461 267 419
3 282 \+ 16520 16605 279 488 188 473
3 294 \+ 18920 19411 482 515 453 405
3 281 \+ 16288 16517 230 543 279 500
3 280 \+ 16140 16286 32 570 230 555
3 293 \+ 18628 18917 317 596 482 527
3 51 \: 18628 19973 317 596 525 269
3 279 \+ 15916 16138 256 638 32 582
3 292 \+ 18434 18625 380 645 504 616
3 278 \+ 15814 15913 32 664 256 650
3 49 \: 15814 16842 32 664 267 419
