= section1.gt 3 3
3 54 \: 22790 25072 32 60 572 154
3 322 \+ 25238 25360 316 73 112 711
3 311 \+ 22571 22789 70 123 109 80
3 55 \: 25073 26604 317 133 99 398
3 320 \+ 24964 25072 316 155 572 154
3 310 \+ 22420 22568 153 163 70 135
3 309 \+ 22351 22417 92 177 153 175
3 319 \+ 24823 24962 432 196 316 167
3 318 \+ 24600 24821 380 250 432 208
3 308 \+ 22003 22349 257 272 92 189
3 307 \+ 21788 22000 280 327 257 284
3 317 \+ 24280 24597 402 332 380 262
3 306 \+ 21660 21786 179 354 280 339
3 305 \+ 21485 21657 133 395 179 366
3 316 \+ 23943 24278 367 414 402 344
3 304 \+ 21290 21482 279 449 133 407
3 315 \+ 23694 23941 499 482 367 426
3 303 \+ 21117 21288 215 490 279 461
3 314 \+ 23399 23691 351 550 499 494
3 53 \: 20861 22789 32 556 109 80
3 313 \+ 23192 23397 448 604 351 562
