= section1.gt 3 4
3 335 \+ 27696 27949 131 87 572 698
3 59 \: 30129 31228 317 101 106 480
3 346 \+ 29926 30128 317 151 474 122
3 334 \+ 27345 27694 32 169 131 99
3 345 \+ 29666 29924 388 219 317 163
3 333 \+ 27088 27342 89 237 32 181
3 344 \+ 29479 29663 533 273 388 231
3 343 \+ 29417 29477 494 287 533 285
3 332 \+ 26869 27086 279 305 89 249
3 331 \+ 26771 26866 63 318 279 317
3 342 \+ 29214 29414 317 327 494 299
3 56 \: 26605 27949 32 380 572 698
3 58 \: 29053 30128 317 382 474 122
3 329 \+ 26388 26604 115 441 99 398
3 340 \+ 28646 29052 317 486 451 403
3 328 \+ 26204 26386 289 495 115 453
3 327 \+ 26072 26201 170 522 289 507
3 339 \+ 28502 28643 381 527 317 498
3 326 \+ 25971 26069 231 550 170 534
3 338 \+ 28350 28499 414 568 381 539
3 337 \+ 28209 28348 534 608 414 580
3 325 \+ 25664 25968 262 631 231 562
3 324 \+ 25484 25662 188 672 262 643
3 57 \: 27950 29052 317 677 451 403
3 323 \+ 25362 25481 112 699 188 684
