= section1.gt 3 3
3 359 \+ 33153 33336 32 72 437 684
3 61 \: 33153 35372 32 72 336 181
3 369 \+ 35598 35826 354 87 113 698
3 358 \+ 33016 33150 241 121 87 92
3 357 \+ 32820 33013 89 162 241 133
3 62 \: 35374 35827 317 163 113 698
3 368 \+ 35374 35595 317 163 354 99
3 367 \+ 35197 35371 540 223 336 181
3 356 \+ 32582 32817 278 230 89 174
3 355 \+ 32443 32579 143 257 278 242
3 366 \+ 34964 35195 478 278 540 235
3 354 \+ 32178 32440 212 325 143 269
3 365 \+ 34588 34961 506 373 478 290
3 353 \+ 31945 32175 153 379 212 337
3 352 \+ 31820 31943 82 407 153 391
3 364 \+ 34423 34584 517 414 506 385
3 351 \+ 31593 31817 32 473 82 419
3 60 \: 31593 33151 32 473 87 92
3 363 \+ 34097 34421 564 495 517 426
3 362 \+ 33974 34094 530 522 564 507
3 350 \+ 31345 31590 187 536 287 494
3 349 \+ 31123 31342 143 590 187 548
3 361 \+ 33654 33972 574 604 530 534
3 348 \+ 31035 31120 266 618 143 602
3 360 \+ 33339 33651 437 672 574 616
