= section1.gt 3 6
3 383 \+ 38139 38362 32 60 359 670
3 395 \+ 40553 40664 556 73 254 711
3 382 \+ 37981 38136 65 101 32 72
3 394 \+ 40371 40550 485 114 556 85
3 381 \+ 37797 37979 227 155 65 113
3 380 \+ 37698 37794 32 169 227 167
3 68 \: 40173 40665 317 169 254 711
3 393 \+ 40173 40369 317 169 485 126
3 379 \+ 37573 37696 214 209 32 181
3 378 \+ 37482 37570 32 223 214 221
3 392 \+ 39963 40170 510 232 425 190
3 377 \+ 37362 37479 207 264 32 235
3 391 \+ 39737 39960 467 287 510 244
3 65 \: 37161 38363 32 319 359 670
3 376 \+ 37161 37359 32 319 207 276
3 390 \+ 39547 39734 317 342 467 299
3 67 \: 39547 40171 317 342 425 190
3 375 \+ 37053 37158 207 355 192 339
3 389 \+ 39428 39544 499 377 536 362
3 374 \+ 36789 37051 274 423 207 367
3 388 \+ 39142 39426 411 445 499 389
3 373 \+ 36628 36786 60 450 274 435
3 387 \+ 38949 39139 513 500 411 457
3 386 \+ 38826 38947 440 527 513 512
3 372 \+ 36353 36626 32 532 60 462
3 64 \: 36353 37159 32 532 192 339
3 371 \+ 36242 36350 208 568 198 552
3 385 \+ 38557 38823 486 595 440 539
3 384 \+ 38365 38555 317 652 486 607
3 66 \: 38365 39545 317 652 536 362
3 370 \+ 35829 36239 32 677 208 580
3 63 \: 35829 36351 32 677 198 552
