= section1.gt 3 2
3 411 \+ 43887 44426 339 182 168 698
3 410 \+ 43836 43885 533 209 339 194
3 409 \+ 43770 43834 432 223 533 221
3 70 \: 41481 47373 32 295 561 439
3 408 \+ 43225 43767 540 427 432 235
3 402 \+ 41201 41436 79 435 184 392
3 407 \+ 43091 43222 339 454 540 439
3 400 \+ 41033 41068 88 475 272 487
3 401 \+ 41071 41199 272 475 79 447
3 406 \+ 42993 43088 538 495 339 466
3 399 \+ 40759 41030 94 543 88 487
3 405 \+ 42742 42990 441 563 538 507
3 398 \+ 40610 40757 175 584 94 555
3 404 \+ 42636 42739 379 590 441 575
3 397 \+ 40450 40608 184 625 175 596
3 69 \: 40208 41436 32 691 184 392
