= section1.gt 3 2
3 72 \: 48636 51831 317 60 393 439
3 419 \+ 46271 46828 108 87 456 589
3 418 \+ 46110 46269 213 141 108 99
3 428 \+ 48321 48635 469 150 421 81
3 427 \+ 48265 48319 437 164 469 162
3 426 \+ 48098 48262 420 205 437 176
3 425 \+ 48019 48096 563 232 420 217
3 424 \+ 47768 48016 429 286 563 244
3 417 \+ 45415 46108 160 345 213 153
3 423 \+ 47463 47766 509 368 429 298
3 71 \: 47374 48635 317 392 421 81
3 416 \+ 45190 45413 159 413 160 357
3 415 \+ 45097 45187 167 441 159 425
3 414 \+ 45023 45094 259 468 167 453
3 421 \+ 46945 47373 540 550 561 439
3 420 \+ 46831 46942 456 577 540 562
3 413 \+ 44546 45021 260 658 259 480
3 412 \+ 44428 44543 168 686 260 670
