= intro.gt 2 4
2 26 \+ 4700 4904 155 114 60 72
2 38 \+ 6996 7625 413 175 148 684
2 25 \+ 4315 4697 196 209 155 126
2 37 \+ 6635 6993 497 270 413 187
2 24 \+ 4032 4313 135 277 196 221
2 6 \: 6543 7626 317 296 148 684
2 36 \+ 6543 6633 317 296 497 282
2 23 \+ 3728 4029 32 357 135 289
2 4 \: 3728 4905 32 357 60 72
2 35 \+ 6349 6540 570 359 431 317
2 33 \+ 6211 6234 430 386 546 398
2 34 \+ 6237 6346 546 386 570 371
2 22 \+ 3598 3725 32 393 156 378
2 32 \+ 6054 6208 493 427 430 398
2 21 \+ 3433 3595 66 434 32 405
2 31 \+ 5926 6051 406 454 493 439
2 20 \+ 3243 3430 224 488 66 446
2 30 \+ 5623 5923 395 522 406 466
2 19 \+ 3041 3240 64 529 224 500
2 18 \+ 2869 3038 32 581 64 541
2 3 \: 2869 3726 32 581 156 378
2 29 \+ 5384 5620 569 590 395 534
2 17 \+ 2730 2866 278 631 165 602
2 28 \+ 5194 5381 472 631 569 602
2 16 \+ 2595 2728 162 658 278 643
2 15 \+ 2443 2593 194 699 162 670
2 27 \+ 4907 5191 317 710 472 643
2 5 \: 4907 6541 317 710 431 317
