= section1.gt 3 3
3 75 \: 55180 56135 32 85 549 507
3 77 \: 57152 58229 317 222 87 575
3 448 \+ 54657 55179 142 235 112 105
3 447 \+ 54537 54654 53 262 142 247
3 457 \+ 56978 57151 406 271 455 243
3 456 \+ 56750 56975 404 326 406 283
3 446 \+ 54169 54534 265 371 53 274
3 455 \+ 56416 56747 382 407 404 338
3 445 \+ 53998 54166 159 412 265 383
3 454 \+ 56334 56414 519 435 382 419
3 444 \+ 53817 53995 141 474 159 424
3 76 \: 56136 57151 317 487 455 243
3 452 \+ 55933 56135 316 536 549 507
3 451 \+ 55742 55930 470 590 316 548
3 443 \+ 53383 53814 236 596 141 486
3 450 \+ 55400 55739 367 672 470 602
3 442 \+ 53131 53381 246 686 236 608
