= section1.gt 3 2
= section2.gt 4 4
4 81 \: 510 1360 32 60 454 494
4 470 \+ 454 509 89 82 90 80
4 480 \+ 2820 3122 438 101 278 698
4 469 \+ 268 451 239 136 89 94
4 479 \+ 2618 2817 555 155 438 113
4 80 \: 61 509 32 186 90 80
4 478 \+ 2410 2615 316 196 555 167
4 83 \: 2079 3122 317 289 278 698
3 467 \+ 58895 59291 68 359 187 276
4 476 \+ 1770 2078 452 366 572 310
4 475 \+ 1617 1768 482 407 452 378
3 79 \: 58690 59291 32 426 187 276
3 465 \+ 58602 58689 171 461 75 446
4 82 \: 1361 2078 317 473 572 310
3 464 \+ 58429 58599 171 502 171 473
3 463 \+ 58370 58426 149 516 171 514
3 78 \: 58230 58689 32 557 75 446
3 461 \+ 58151 58229 229 590 87 575
4 473 \+ 963 1360 530 590 454 494
3 460 \+ 58047 58148 285 618 229 602
4 472 \+ 763 961 345 631 530 602
3 459 \+ 57777 58043 170 672 285 630
