= section2.gt 4 7
4 493 \+ 5239 5419 170 101 241 72
4 508 \+ 7733 7991 546 114 193 711
4 492 \+ 5071 5237 114 141 170 113
4 507 \+ 7542 7730 406 155 546 126
4 506 \+ 7409 7539 316 182 406 167
4 491 \+ 4896 5069 32 194 114 153
4 87 \: 4896 5420 32 194 241 72
4 505 \+ 7260 7407 387 223 316 194
4 90 \: 7146 8374 317 264 184 616
4 504 \+ 7146 7257 317 264 387 235
4 490 \+ 4647 4893 287 271 156 215
4 489 \+ 4555 4644 120 284 287 283
4 488 \+ 4332 4553 124 339 120 296
4 503 \+ 6792 7143 316 352 378 283
4 487 \+ 4144 4329 32 391 124 351
4 86 \: 4144 4894 32 391 156 215
4 502 \+ 6670 6790 550 393 316 364
4 501 \+ 6553 6667 536 420 550 405
4 486 \+ 3942 4141 32 441 175 412
4 500 \+ 6356 6550 410 461 536 432
4 485 \+ 3821 3939 277 481 32 453
4 499 \+ 6172 6354 317 514 410 473
4 89 \: 6172 7144 317 514 378 283
4 484 \+ 3611 3818 60 522 277 493
4 483 \+ 3495 3608 32 562 60 534
4 85 \: 3495 4142 32 562 175 412
4 498 \+ 5999 6169 483 563 498 534
4 497 \+ 5835 5996 493 604 483 575
4 482 \+ 3303 3492 174 611 288 582
4 496 \+ 5691 5832 559 645 493 616
4 481 \+ 3170 3300 32 650 174 623
4 84 \: 3170 3493 32 650 288 582
4 495 \+ 5542 5689 363 672 559 657
4 494 \+ 5422 5539 317 710 363 684
4 88 \: 5422 6170 317 710 498 534
