= section2.gt 4 6
4 519 \+ 10321 10451 219 73 349 698
4 527 \+ 11929 12476 317 84 261 616
4 96 \: 11929 12875 317 84 56 507
4 518 \+ 10108 10318 268 128 219 85
4 517 \+ 9879 10105 240 182 268 140
4 93 \: 9728 10452 32 226 349 698
4 516 \+ 9728 9877 32 226 240 194
4 515 \+ 9512 9725 116 287 120 244
4 526 \+ 11645 11926 478 298 553 242
4 525 \+ 11450 11643 317 350 478 310
4 95 \: 11450 11927 317 350 557 242
4 524 \+ 11306 11447 524 400 443 371
4 514 \+ 9045 9509 199 409 116 299
4 523 \+ 11150 11304 564 441 524 412
4 513 \+ 8907 9043 32 450 199 421
4 92 \: 8907 9726 32 450 120 244
4 512 \+ 8750 8904 232 500 173 471
4 522 \+ 10860 11147 489 509 564 453
4 521 \+ 10679 10857 420 549 489 521
4 511 \+ 8376 8747 32 596 232 512
4 91 \: 8376 8905 32 596 173 471
4 520 \+ 10495 10676 317 599 420 561
4 94 \: 10495 11448 317 599 443 371
4 510 \+ 8157 8373 193 658 184 616
4 509 \+ 7993 8154 193 699 193 670
