= section2.gt 4 5
4 101 \: 16881 17461 317 60 257 575
4 537 \+ 14391 14613 56 87 340 711
4 549 \+ 16881 16996 443 123 458 80
4 548 \+ 16653 16880 362 163 443 135
4 536 \+ 14231 14388 32 182 56 99
4 100 \: 16290 16880 317 219 458 80
4 98 \: 13563 14779 32 264 352 616
4 546 \+ 16290 16469 316 282 572 239
4 534 \+ 13563 13830 183 325 60 283
4 533 \+ 13379 13562 275 366 183 337
4 545 \+ 16015 16289 505 404 316 294
4 532 \+ 13230 13376 252 420 275 378
4 531 \+ 13008 13227 168 447 252 432
4 544 \+ 15555 16012 496 445 505 416
4 97 \: 12711 13562 32 503 60 283
4 543 \+ 15391 15553 316 499 496 457
4 542 \+ 15124 15388 396 526 316 511
4 541 \+ 15033 15121 368 567 396 538
4 99 \: 14780 16289 317 596 572 239
4 528 \+ 12318 12710 261 618 0 0
4 539 \+ 14780 14845 347 645 352 616
4 538 \+ 14615 14779 340 699 347 657
