= section2.gt 4 5
4 562 \+ 19312 19503 230 73 535 186
4 561 \+ 18943 19310 107 114 230 85
4 565 \+ 20142 20338 514 110 525 72
4 564 \+ 19790 20141 499 148 514 119
4 560 \+ 18752 18940 32 154 107 126
4 563 \+ 19506 19787 535 177 499 157
4 106 \: 21810 23077 317 202 129 398
4 559 \+ 18625 18749 149 262 191 247
4 558 \+ 18509 18623 69 303 149 274
4 557 \+ 18330 18506 141 357 69 315
4 570 \+ 21810 21912 417 401 568 222
4 556 \+ 18133 18327 170 411 141 369
4 103 \: 17798 20141 32 452 525 72
4 105 \: 20874 21809 317 453 568 222
4 554 \+ 17798 17927 130 501 50 472
4 568 \+ 20874 21059 423 502 436 474
4 102 \: 17462 17797 32 555 50 472
4 567 \+ 20709 20873 494 598 423 514
4 552 \+ 17462 17645 137 631 257 575
4 104 \: 20142 20873 317 649 436 474
4 551 \+ 17162 17461 123 672 137 643
