= section2.gt 4 3
4 582 \+ 24443 24545 112 87 420 684
4 594 \+ 26557 26640 404 87 130 711
4 581 \+ 24162 24442 105 128 112 99
4 580 \+ 23987 24160 105 155 105 140
4 593 \+ 26388 26554 317 154 404 99
4 592 \+ 26150 26385 358 235 429 234
4 579 \+ 23894 23985 259 264 105 167
4 578 \+ 23491 23891 96 291 259 276
4 109 \: 25742 26831 317 330 157 643
4 107 \: 23078 24442 32 378 420 684
4 590 \+ 25742 26073 551 379 499 350
4 576 \+ 23078 23344 176 427 129 398
4 589 \+ 25589 25741 513 474 551 391
4 575 \+ 22924 23077 59 495 176 439
4 588 \+ 25202 25586 372 542 513 486
4 574 \+ 22626 22921 228 563 59 507
4 587 \+ 24900 25199 336 569 372 554
4 586 \+ 24781 24898 423 596 336 581
4 585 \+ 24683 24778 428 610 423 608
4 573 \+ 22392 22623 32 618 228 575
4 584 \+ 24628 24680 568 637 428 622
4 108 \: 24443 25741 317 664 499 350
4 572 \+ 22145 22389 32 672 32 630
