= section2.gt 4 6
4 112 \: 28913 29423 32 88 572 630
4 627 \+ 31730 31946 488 87 207 684
4 626 \+ 31447 31729 493 114 488 99
4 625 \+ 31335 31444 386 128 493 126
4 611 \+ 28913 29118 269 164 130 108
4 610 \+ 28663 28912 192 178 269 176
4 115 \: 31070 31729 317 180 207 684
4 609 \+ 28590 28660 187 205 192 190
4 608 \+ 28473 28587 53 219 187 217
4 623 \+ 31070 31252 549 243 553 200
4 607 \+ 28387 28470 189 273 53 231
4 622 \+ 30849 31069 396 297 549 255
4 606 \+ 28198 28385 231 327 189 285
4 114 \: 30473 31069 317 336 553 200
4 605 \+ 27988 28195 260 368 231 339
4 604 \+ 27839 27985 103 382 260 380
4 620 \+ 30473 30604 316 385 526 356
4 111 \: 27686 28912 32 410 130 108
4 619 \+ 30268 30472 558 440 316 397
4 602 \+ 27686 27750 218 445 274 430
4 601 \+ 27561 27685 276 472 218 457
4 600 \+ 27457 27558 130 486 276 484
4 618 \+ 30089 30266 342 494 558 452
4 617 \+ 29819 30087 463 535 342 506
4 599 \+ 27370 27454 58 540 130 498
4 616 \+ 29676 29816 317 562 463 547
4 598 \+ 27127 27367 31 581 58 552
4 113 \: 29424 30472 317 603 526 356
4 110 \: 26832 27685 32 623 274 430
4 614 \+ 29424 29535 518 631 572 630
4 596 \+ 26832 26942 270 686 157 643
4 613 \+ 29354 29423 516 686 518 643
4 595 \+ 26643 26831 130 699 270 698
