= section2.gt 4 4
= section2a.gt 5 2
4 636 \+ 34446 34694 193 101 249 72
5 646 \+ 716 1026 317 128 220 711
5 121 \: 716 1626 317 128 122 562
4 635 \+ 34263 34443 245 141 193 113
5 645 \+ 574 713 412 163 558 148
4 634 \+ 34111 34260 274 169 245 153
5 644 \+ 312 571 455 231 412 175
4 633 \+ 34003 34108 32 264 274 181
4 118 \: 33619 34444 32 264 249 72
5 643 \+ 28 310 317 310 455 243
5 120 \: 28 714 317 310 558 148
4 632 \+ 33619 34000 96 368 182 285
4 631 \+ 33210 33616 131 395 96 380
4 642 \+ 0 0 317 441 362 385
4 630 \+ 33104 33208 32 491 131 407
4 117 \: 32758 33617 32 491 182 285
4 641 \+ 35465 35749 534 522 317 453
4 640 \+ 35185 35462 386 550 534 534
4 629 \+ 32758 33101 32 595 119 512
4 639 \+ 35051 35182 449 618 386 562
4 638 \+ 34797 35048 478 645 449 630
4 628 \+ 32348 32755 32 664 32 607
4 116 \: 32126 32756 32 664 119 512
4 637 \+ 34697 34794 317 710 478 657
4 119 \: 34446 35750 317 710 362 385
