= intro.gt 2 5
2 49 \+ 9471 9852 60 141 393 711
2 63 \+ 11906 12530 566 169 112 670
2 62 \+ 11849 11903 577 182 566 181
2 9 \: 9237 10621 32 207 376 521
2 11 \: 11567 13383 317 251 58 453
2 47 \+ 9044 9236 237 270 150 228
2 46 \+ 8868 9041 171 311 237 282
2 45 \+ 8715 8865 232 352 171 323
2 60 \+ 11190 11566 411 352 338 269
2 59 \+ 11093 11187 482 379 411 364
2 8 \: 8518 9236 32 406 150 228
2 58 \+ 10969 11090 419 407 482 391
2 57 \+ 10867 10966 477 434 419 419
2 43 \+ 8403 8517 185 448 196 433
2 56 \+ 10688 10864 418 475 477 446
2 42 \+ 8239 8400 201 489 185 460
2 10 \: 10622 11566 317 500 338 269
2 41 \+ 7971 8237 230 557 201 501
2 54 \+ 10402 10621 371 563 376 521
2 53 \+ 10243 10399 409 604 371 575
2 52 \+ 10150 10240 495 631 409 616
2 40 \+ 7634 7968 237 639 230 569
2 51 \+ 10051 10147 563 658 495 643
2 7 \: 7541 8517 32 664 196 433
2 50 \+ 9855 10048 393 699 563 670
