= section2a.gt 5 5
5 659 \+ 3244 3294 264 60 534 711
5 675 \+ 5499 5780 418 101 263 698
5 674 \+ 5450 5496 450 114 418 113
5 658 \+ 2984 3241 32 127 264 72
5 673 \+ 5213 5448 398 169 450 126
5 657 \+ 2908 2982 72 194 171 193
5 672 \+ 4960 5210 451 237 398 181
5 123 \: 2733 3591 32 247 415 630
5 126 \: 4880 5780 317 264 263 698
5 655 \+ 2543 2732 72 297 204 268
5 670 \+ 4689 4879 470 314 557 285
5 654 \+ 2388 2541 146 338 72 309
5 669 \+ 4523 4687 454 355 470 326
5 668 \+ 4369 4521 494 395 454 367
5 653 \+ 2104 2385 103 406 146 350
5 652 \+ 2052 2101 125 420 103 418
5 667 \+ 4102 4367 546 463 494 407
5 651 \+ 1860 2049 254 474 125 432
5 650 \+ 1733 1857 162 501 254 486
5 125 \: 3949 4879 317 505 557 285
5 665 \+ 3875 3948 374 527 458 525
5 122 \: 1611 2732 32 541 204 268
5 664 \+ 3802 3872 317 540 374 539
5 663 \+ 3669 3799 469 581 317 552
5 124 \: 3592 3948 317 609 458 525
5 648 \+ 1202 1610 32 645 122 562
5 661 \+ 3464 3591 557 658 415 630
5 647 \+ 1016 1199 220 699 32 657
5 660 \+ 3297 3461 534 699 557 670
