= section2a.gt 5 2
= section2b.gt 6 5
6 685 \+ 429 664 219 73 365 670
6 133 \: 2836 3877 317 88 287 494
6 130 \: 289 1102 32 114 354 562
6 694 \+ 2682 2835 532 137 503 108
6 129 \: 45 288 32 188 182 135
6 693 \+ 2454 2679 455 191 532 149
6 132 \: 2323 2835 317 233 503 108
6 691 \+ 2090 2322 510 296 540 253
6 690 \+ 1885 2087 342 336 510 308
5 682 \+ 7042 7331 149 342 168 286
6 689 \+ 1565 1882 430 418 342 348
5 128 \: 6751 7331 32 424 168 286
6 688 \+ 1342 1562 416 472 430 430
5 680 \+ 6542 6750 268 487 227 444
5 679 \+ 6299 6539 162 541 268 499
6 131 \: 1103 2322 317 543 540 253
5 678 \+ 6060 6296 74 596 162 553
5 677 \+ 5954 6057 94 623 74 608
6 686 \+ 666 1102 365 658 354 562
5 127 \: 5781 6750 32 677 227 444
