= section2b.gt 6 5
6 707 \+ 5277 5648 287 101 475 670
6 718 \+ 7806 8079 571 101 289 698
6 136 \: 5169 6139 32 128 360 548
6 706 \+ 5169 5274 32 128 287 113
6 717 \+ 7590 7804 344 141 571 113
6 705 \+ 5096 5166 139 151 223 149
6 716 \+ 7449 7587 471 182 344 153
6 704 \+ 4823 5094 79 219 139 163
6 703 \+ 4615 4821 82 273 79 231
6 715 \+ 7030 7446 353 277 471 194
6 138 \: 6915 8732 317 317 234 534
6 714 \+ 6915 7027 317 317 353 289
6 702 \+ 4443 4613 32 328 82 285
6 135 \: 4443 5167 32 328 223 149
6 713 \+ 6775 6912 516 366 374 337
6 701 \+ 4129 4440 64 404 253 348
6 712 \+ 6560 6772 539 420 516 378
6 700 \+ 3907 4127 32 473 64 416
6 134 \: 3907 4441 32 473 253 348
6 711 \+ 6332 6557 461 475 539 432
6 699 \+ 3710 3904 136 522 287 494
6 710 \+ 6141 6329 317 528 461 487
6 137 \: 6141 6913 317 528 374 337
6 698 \+ 3493 3708 150 577 136 534
6 709 \+ 5986 6138 447 577 360 548
6 708 \+ 5651 5983 475 658 447 589
6 697 \+ 3120 3491 213 672 150 589
6 696 \+ 3014 3117 253 699 213 684
