= section2b.gt 6 4
= section3.gt 7 1
7 737 \+ 736 1073 562 73 76 643
7 736 \+ 607 733 471 101 562 85
6 727 \+ 10191 10442 206 128 89 72
6 726 \+ 9985 10188 242 182 206 140
7 735 \+ 267 604 417 182 471 113
6 725 \+ 9786 9982 88 223 242 194
7 143 \: 27 1546 317 246 57 521
6 140 \: 9552 10442 32 289 89 72
6 723 \+ 9370 9551 217 339 287 310
6 733 \+ 11759 11930 317 352 377 323
6 732 \+ 11474 11757 528 433 317 364
6 722 \+ 8943 9367 282 447 217 351
6 139 \: 8672 9551 32 514 287 310
6 731 \+ 11074 11471 549 542 528 445
6 142 \: 10914 11930 317 581 377 323
6 720 \+ 8397 8671 235 590 231 534
6 729 \+ 10728 10913 425 631 522 602
6 719 \+ 8022 8395 289 686 235 602
6 141 \: 10443 10913 317 710 522 602
