= section3.gt 7 4
7 755 \+ 5307 5479 316 87 79 711
7 745 \+ 2759 3080 83 101 381 684
7 754 \+ 5094 5305 347 141 316 99
7 147 \: 4927 5987 317 194 94 589
7 744 \+ 2280 2756 161 223 83 113
7 752 \+ 4726 4926 366 243 544 215
7 743 \+ 2128 2277 223 264 161 235
7 742 \+ 1988 2125 56 291 223 276
7 751 \+ 4344 4723 417 339 366 255
7 145 \: 1828 3417 32 344 440 602
7 750 \+ 4188 4341 512 379 417 351
7 749 \+ 4002 4186 348 420 512 391
7 144 \: 1547 1769 32 503 79 443
7 748 \+ 3646 3999 419 515 348 432
7 739 \+ 1288 1546 70 577 57 521
7 146 \: 3418 4926 317 582 544 215
7 738 \+ 1076 1286 76 631 70 589
7 746 \+ 3082 3417 381 672 440 602
