= section3.gt 7 4
7 768 \+ 7914 8074 188 60 451 684
7 767 \+ 7709 7911 267 114 188 72
7 778 \+ 10190 10445 526 114 151 711
7 149 \: 7549 8074 32 156 451 684
7 777 \+ 9897 10188 360 182 526 126
7 765 \+ 7348 7548 202 216 196 174
7 776 \+ 9701 9894 423 237 360 194
7 764 \+ 6993 7345 32 298 202 228
7 151 \: 9455 11184 317 303 105 521
7 774 \+ 9182 9454 416 379 400 323
7 763 \+ 6634 6991 74 393 32 310
7 773 \+ 8884 9179 316 447 416 391
7 762 \+ 6400 6631 208 461 74 405
7 761 \+ 6262 6398 32 488 208 473
7 772 \+ 8700 8881 494 502 316 459
7 760 \+ 6127 6260 166 529 32 500
7 148 \: 5988 7548 32 568 196 174
7 771 \+ 8454 8697 558 570 494 514
7 770 \+ 8258 8451 401 611 558 582
7 758 \+ 5822 5987 119 618 94 589
7 150 \: 8075 9454 317 666 400 323
7 757 \+ 5582 5819 32 672 119 630
7 756 \+ 5481 5579 79 699 32 684
