= section3.gt 7 4
7 791 \+ 12801 13034 108 73 495 684
7 800 \+ 15236 15622 439 87 197 657
7 799 \+ 15161 15234 346 101 439 99
7 790 \+ 12623 12799 55 114 108 85
7 153 \: 12463 13787 32 167 530 494
7 798 \+ 14826 15158 339 182 346 113
7 788 \+ 12252 12462 139 230 65 187
7 787 \+ 12068 12249 32 271 139 242
7 155 \: 14499 16165 317 276 151 521
7 786 \+ 11831 12066 233 339 32 283
7 785 \+ 11614 11828 248 393 233 351
7 796 \+ 14028 14498 429 407 386 296
7 784 \+ 11412 11611 92 434 248 405
7 783 \+ 11278 11409 259 475 92 446
7 154 \: 13788 14498 317 473 386 296
7 152 \: 11185 12462 32 500 65 187
7 794 \+ 13501 13787 439 550 530 494
7 781 \+ 10886 11184 190 590 105 521
7 793 \+ 13208 13498 317 618 439 562
7 780 \+ 10694 10883 32 631 190 602
7 792 \+ 13037 13206 495 672 317 630
7 779 \+ 10448 10692 151 699 32 643
