= section3.gt 7 5
7 809 \+ 18140 18442 190 60 370 643
7 822 \+ 20292 20583 317 86 102 670
7 160 \: 20292 21275 317 86 196 507
7 821 \+ 20219 20289 509 108 569 106
7 808 \+ 17913 18137 195 114 190 72
7 820 \+ 20025 20217 369 149 509 120
7 807 \+ 17582 17910 261 196 195 126
7 819 \+ 19841 20022 556 203 369 161
7 818 \+ 19793 19838 317 215 556 215
7 159 \: 19793 20290 317 215 569 106
7 817 \+ 19703 19790 573 251 460 236
7 806 \+ 17221 17579 118 277 261 208
7 816 \+ 19491 19701 317 304 573 263
7 158 \: 19491 19791 317 304 460 236
7 805 \+ 16987 17218 71 332 118 289
7 815 \+ 19308 19488 493 353 571 325
7 814 \+ 19134 19305 448 394 493 365
7 804 \+ 16693 16984 250 413 71 344
7 813 \+ 18888 19131 542 462 448 406
7 156 \: 16322 18443 32 514 370 643
7 803 \+ 16322 16691 32 514 250 425
7 811 \+ 18629 18679 317 517 574 529
7 812 \+ 18681 18886 574 517 542 474
7 810 \+ 18465 18626 317 567 317 529
7 157 \: 18465 19489 317 567 571 325
7 802 \+ 16020 16319 82 590 151 534
7 801 \+ 15775 16018 197 658 82 602
