= section3.gt 7 6
7 847 \+ 25170 25398 317 90 82 684
7 166 \: 25170 26198 317 90 227 494
7 833 \+ 22728 22914 32 101 441 711
7 163 \: 22728 23661 32 101 338 521
7 846 \+ 24993 25167 566 151 384 108
7 832 \+ 22471 22725 64 164 267 122
7 845 \+ 24855 24990 442 178 566 163
7 831 \+ 22255 22469 83 219 64 176
7 844 \+ 24666 24853 560 232 442 190
7 830 \+ 22170 22253 203 246 83 231
7 843 \+ 24470 24663 398 273 560 244
7 829 \+ 21979 22167 32 300 203 258
7 162 \: 21979 22726 32 300 267 122
7 842 \+ 24347 24468 317 314 398 285
7 165 \: 24347 25168 317 314 384 108
7 841 \+ 24155 24344 366 364 493 335
7 828 \+ 21691 21976 246 377 281 321
7 840 \+ 23986 24152 351 404 366 376
7 827 \+ 21511 21688 93 418 246 389
7 839 \+ 23921 23983 560 432 351 416
7 826 \+ 21277 21508 32 489 93 430
7 161 \: 21277 21977 32 489 281 321
7 838 \+ 23663 23918 317 503 560 444
7 164 \: 23663 24345 317 503 493 335
7 825 \+ 21026 21274 79 550 196 507
7 837 \+ 23440 23660 317 563 338 521
7 824 \+ 20718 21023 210 631 79 562
7 836 \+ 23210 23438 560 631 317 575
7 823 \+ 20586 20716 102 658 210 643
7 835 \+ 23048 23207 560 672 560 643
7 834 \+ 22917 23046 441 699 560 684
