= section3.gt 7 4
7 859 \+ 27316 27661 195 101 317 670
7 871 \+ 29764 30073 521 101 204 684
7 858 \+ 27139 27313 101 141 195 113
7 870 \+ 29585 29761 457 141 521 113
7 869 \+ 29478 29582 476 169 457 153
7 857 \+ 26914 27137 32 196 101 153
7 170 \: 29395 30689 317 196 89 72
7 867 \+ 29299 29394 427 232 357 217
7 856 \+ 26624 26911 229 277 32 208
7 855 \+ 26471 26622 203 318 229 289
7 866 \+ 28974 29297 453 314 427 244
7 865 \+ 28786 28971 359 355 453 326
7 854 \+ 26249 26468 227 373 203 330
7 853 \+ 26014 26247 99 427 227 385
7 169 \: 28559 29394 317 423 357 217
7 167 \: 25949 27943 32 460 422 602
7 863 \+ 28410 28558 413 459 562 444
7 862 \+ 28221 28408 316 500 413 471
7 851 \+ 25677 25948 192 536 188 480
7 850 \+ 25524 25674 271 577 192 548
7 168 \: 27944 28558 317 581 562 444
7 849 \+ 25350 25522 223 618 271 589
7 848 \+ 25160 25348 82 658 223 630
7 860 \+ 27663 27943 317 658 422 602
