= intro.gt 2 5
2 79 \+ 17460 18058 345 60 253 589
2 70 \+ 14932 15136 198 73 429 684
2 69 \+ 14761 14929 134 114 198 85
2 68 \+ 14466 14759 252 196 134 126
2 16 \: 16897 18510 317 212 287 480
2 78 \+ 16897 17457 317 212 345 72
2 13 \: 14024 15137 32 302 429 684
2 67 \+ 14024 14463 32 302 252 208
2 77 \+ 16558 16894 447 300 442 231
2 76 \+ 16171 16555 501 395 447 312
2 66 \+ 13512 14021 32 432 286 323
2 12 \: 13512 14022 32 432 286 323
2 75 \+ 15766 16168 443 491 501 407
2 74 \+ 15692 15763 351 504 443 503
2 65 \+ 13157 13509 189 536 58 453
2 73 \+ 15517 15689 317 559 351 516
2 15 \: 15517 16895 317 559 442 231
2 72 \+ 15406 15514 554 595 554 580
2 64 \+ 12653 13154 112 658 189 548
2 71 \+ 15139 15404 317 664 554 607
2 14 \: 15139 15515 317 664 554 580
