= section3.gt 7 5
7 882 \+ 32409 32567 32 140 317 698
7 173 \: 32409 33500 32 140 506 480
7 896 \+ 34714 35254 389 141 109 670
7 895 \+ 34570 34711 480 182 389 153
7 894 \+ 34377 34567 317 223 480 194
7 881 \+ 32253 32372 32 263 92 236
7 172 \: 32253 32373 32 263 92 236
7 175 \: 34218 35255 317 276 109 670
7 893 \+ 34218 34374 317 276 317 235
7 880 \+ 31989 32250 96 339 60 283
7 892 \+ 33965 34215 449 339 572 296
7 879 \+ 31910 31987 261 367 96 351
7 891 \+ 33827 33962 559 379 449 351
7 878 \+ 31714 31907 71 407 261 379
7 890 \+ 33693 33824 448 407 559 391
7 877 \+ 31592 31711 32 435 71 419
7 876 \+ 31492 31590 79 462 32 447
7 889 \+ 33502 33690 317 459 448 419
7 174 \: 33502 34216 317 459 572 296
7 888 \+ 33351 33499 317 495 506 480
7 875 \+ 31307 31489 253 516 79 474
7 887 \+ 33120 33348 545 563 317 507
7 874 \+ 30997 31304 32 596 253 528
7 171 \: 30997 32251 32 596 60 283
7 886 \+ 32930 33117 414 604 545 575
7 885 \+ 32796 32927 317 631 414 616
7 873 \+ 30508 30993 84 645 109 72
7 884 \+ 32706 32793 430 658 317 643
7 872 \+ 30368 30506 204 686 84 657
7 883 \+ 32569 32703 317 686 430 670
