= section3.gt 7 4
7 907 \+ 36599 36746 236 87 436 711
7 920 \+ 38170 38433 376 114 69 711
7 919 \+ 38048 38167 317 153 376 126
7 906 \+ 36282 36597 251 169 236 99
7 905 \+ 36133 36280 293 209 251 181
7 918 \+ 37999 38046 350 218 329 216
7 904 \+ 35970 36130 32 237 293 221
7 917 \+ 37831 37996 317 259 350 230
7 903 \+ 35789 35968 223 291 32 249
7 916 \+ 37701 37828 481 299 317 271
7 179 \: 37514 38822 317 352 125 616
7 902 \+ 35573 35787 41 400 223 303
7 914 \+ 37348 37513 317 413 379 373
7 177 \: 35488 36746 32 451 436 711
7 900 \+ 35273 35487 199 515 202 472
7 899 \+ 35204 35271 121 528 199 527
7 913 \+ 37245 37346 455 556 416 541
7 898 \+ 34970 35201 90 583 121 540
7 912 \+ 37158 37243 522 584 455 568
7 911 \+ 37068 37156 353 597 522 596
7 176 \: 34858 35487 32 622 202 472
7 910 \+ 36943 37065 532 638 353 609
7 909 \+ 36840 36941 526 665 532 650
7 178 \: 36747 37513 317 691 379 373
