= section3.gt 7 4
7 931 \+ 40679 40907 32 101 317 711
7 942 \+ 43396 43570 545 127 109 684
7 941 \+ 43289 43393 317 140 545 139
7 930 \+ 40488 40677 193 155 32 113
7 940 \+ 43095 43286 384 195 317 152
7 181 \: 40180 41262 32 235 506 630
7 183 \: 42754 43953 317 288 152 589
7 928 \+ 39841 40179 32 325 118 255
7 927 \+ 39777 39838 263 352 32 337
7 938 \+ 42161 42753 404 379 535 309
7 926 \+ 39489 39774 235 420 263 364
7 937 \+ 41935 42158 369 433 404 391
7 925 \+ 39286 39486 234 475 235 432
7 936 \+ 41695 41932 522 501 369 445
7 924 \+ 39099 39283 69 515 234 487
7 935 \+ 41575 41692 479 528 522 513
7 934 \+ 41403 41573 464 569 479 540
7 180 \: 38823 40179 32 598 118 255
7 182 \: 41263 42753 317 609 535 309
7 922 \+ 38529 38822 285 686 125 616
7 921 \+ 38437 38526 69 699 285 698
7 932 \+ 40909 41262 317 699 506 630
