= section3.gt 7 5
7 971 \+ 48163 48296 396 87 119 711
7 954 \+ 45755 45942 232 114 425 698
7 970 \+ 47993 48160 428 114 396 99
7 186 \: 45355 46235 32 142 408 575
7 969 \+ 47890 47990 541 141 428 126
7 968 \+ 47807 47887 464 169 541 153
7 188 \: 47599 48881 317 196 246 534
7 952 \+ 45355 45449 221 205 113 163
7 966 \+ 47599 47678 401 230 364 215
7 951 \+ 45161 45354 211 259 221 217
7 950 \+ 44938 45158 74 287 211 271
7 965 \+ 47498 47598 479 284 401 242
7 949 \+ 44781 44935 192 327 74 299
7 964 \+ 47297 47495 427 325 479 296
7 948 \+ 44638 44778 109 355 192 339
7 185 \: 44388 45354 32 393 113 163
7 963 \+ 47125 47295 482 393 427 337
7 962 \+ 46860 47123 358 420 482 405
7 961 \+ 46727 46858 516 461 358 432
7 960 \+ 46595 46724 477 475 516 473
7 959 \+ 46534 46593 508 515 477 487
7 187 \: 46236 47598 317 555 364 215
7 184 \: 43954 44366 32 568 190 471
7 957 \+ 46236 46380 353 590 408 575
7 944 \+ 43716 43953 65 631 152 589
7 956 \+ 46116 46235 317 631 353 602
7 943 \+ 43573 43713 109 672 65 643
7 955 \+ 45945 46113 425 686 317 643
