= section3.gt 7 3
7 987 \+ 50476 50543 83 60 491 711
7 1000 \+ 52710 52874 317 143 547 128
7 986 \+ 50402 50474 32 154 83 72
7 985 \+ 50213 50399 218 170 92 168
7 999 \+ 52550 52709 404 170 317 155
7 984 \+ 50180 50211 139 197 218 182
7 983 \+ 50050 50177 86 211 139 209
7 998 \+ 52455 52547 573 238 404 182
7 190 \: 49864 51894 32 251 344 72
7 997 \+ 52217 52453 350 252 573 250
7 981 \+ 49864 49979 175 299 117 270
7 191 \: 51895 52709 317 318 547 128
7 980 \+ 49717 49863 52 353 175 311
7 995 \+ 51895 52114 571 372 344 72
7 979 \+ 49489 49714 32 380 52 365
7 978 \+ 49375 49486 277 421 32 392
7 994 \+ 51505 51894 367 426 571 384
7 993 \+ 51275 51502 477 467 367 438
7 977 \+ 49262 49372 244 475 277 433
7 189 \: 48882 49863 32 514 117 270
7 992 \+ 51152 51272 533 542 477 479
7 975 \+ 48882 49033 115 563 246 534
7 991 \+ 50968 51149 504 583 533 554
7 974 \+ 48694 48881 109 618 115 575
7 990 \+ 50814 50965 442 658 504 595
7 973 \+ 48487 48691 240 672 109 630
7 989 \+ 50621 50811 574 686 442 670
7 972 \+ 48299 48484 119 699 240 684
7 988 \+ 50546 50619 491 699 574 698
