= section3.gt 7 7
7 1014 \+ 55302 55531 266 60 527 698
7 1013 \+ 55202 55301 275 87 266 72
7 198 \: 57326 58456 317 88 193 169
7 1026 \+ 57326 57458 317 122 373 107
7 1025 \+ 57202 57325 465 176 317 134
7 1012 \+ 55097 55199 217 182 275 99
7 197 \: 56923 57325 317 203 373 107
7 1023 \+ 56923 57011 317 225 566 223
7 1011 \+ 54712 55094 120 250 217 194
7 1010 \+ 54442 54709 112 277 120 262
7 1022 \+ 56811 56922 425 279 317 237
7 194 \: 54258 55301 32 303 527 698
7 1021 \+ 56617 56809 509 306 425 291
7 1008 \+ 54258 54330 32 339 282 323
7 1020 \+ 56527 56615 487 347 509 318
7 1007 \+ 54094 54257 93 379 32 351
7 196 \: 56159 56922 317 398 566 223
7 1006 \+ 53941 54091 61 447 93 391
7 1018 \+ 56159 56350 396 474 405 472
7 193 \: 53559 54257 32 486 282 323
7 1017 \+ 56074 56133 409 555 396 486
7 1004 \+ 53559 53670 176 577 161 507
7 1016 \+ 55758 56072 397 610 409 567
7 1003 \+ 53231 53558 244 618 176 589
7 1002 \+ 53077 53228 62 658 244 630
7 195 \: 55302 56133 317 677 405 472
7 192 \: 52710 53558 32 710 161 507
