= section3.gt 7 5
7 1039 \+ 60236 60438 279 121 0 0
7 1038 \+ 59636 60234 78 140 279 130
7 1057 \+ 62973 63208 554 177 153 559
7 1031 \+ 58457 58562 65 188 193 169
7 203 \: 62229 63353 317 204 117 464
7 1030 \+ 58226 58456 279 246 65 197
7 1055 \+ 62229 62334 347 251 474 223
7 1029 \+ 57707 58223 280 265 279 255
7 1054 \+ 62048 62228 480 306 347 263
7 1040 \+ 60441 60610 209 316 406 698
7 1053 \+ 61858 62045 395 333 480 318
7 1052 \+ 61732 61855 454 374 395 345
7 202 \: 61449 62228 317 415 474 223
7 1050 \+ 61449 61578 484 448 371 433
7 200 \: 59145 60610 32 454 433 657
7 1049 \+ 61361 61448 401 462 484 460
7 1048 \+ 61284 61358 438 489 401 474
7 1036 \+ 59145 59438 99 515 158 472
7 1047 \+ 61172 61281 431 516 438 501
7 1035 \+ 58917 59144 112 528 99 527
7 1046 \+ 61063 61169 398 543 431 528
7 1045 \+ 60945 61060 406 557 398 555
7 1034 \+ 58866 58915 160 569 112 540
7 1044 \+ 60894 60942 395 584 406 569
7 1033 \+ 58707 58863 44 596 160 581
7 1043 \+ 60792 60891 363 611 395 596
7 199 \: 58457 59144 32 639 158 472
7 201 \: 60611 61448 317 636 371 433
7 1041 \+ 60611 60668 406 686 433 657
7 1028 \+ 57561 57704 197 699 280 274
