= section3.gt 7 4
7 1087 \+ 67523 67745 422 87 155 698
7 1071 \+ 64879 64977 228 113 405 711
7 1086 \+ 67284 67520 514 128 422 99
7 1070 \+ 64784 64877 212 154 228 125
7 1069 \+ 64613 64781 55 194 212 166
7 207 \: 66879 68083 317 194 172 562
7 1068 \+ 64418 64610 173 235 55 206
7 205 \: 64198 65512 32 262 507 562
7 1084 \+ 66879 67128 519 271 427 215
7 1083 \+ 66608 66878 317 298 519 283
7 1066 \+ 64198 64276 127 323 164 281
7 1082 \+ 66459 66605 430 325 317 310
7 1065 \+ 63821 64197 165 350 127 335
7 1081 \+ 66365 66456 450 352 430 337
7 1064 \+ 63715 63818 156 377 165 362
7 1063 \+ 63603 63713 105 391 156 389
7 1080 \+ 66258 66363 502 407 450 364
7 1062 \+ 63534 63600 128 418 105 403
7 204 \: 63354 64197 32 445 164 281
7 1079 \+ 66052 66256 469 461 502 419
7 1060 \+ 63354 63424 235 479 117 464
7 1059 \+ 63271 63353 204 493 235 491
7 1078 \+ 65827 66049 451 502 469 473
7 206 \: 65513 66878 317 541 427 215
7 1058 \+ 63211 63268 153 547 204 505
7 1076 \+ 65513 65656 535 577 507 562
7 1075 \+ 65416 65512 479 618 535 589
7 1074 \+ 65234 65413 471 645 479 630
7 1073 \+ 65122 65231 341 672 471 657
7 1072 \+ 64979 65119 405 699 341 684
