= section3.gt 7 5
7 1116 \+ 72323 72551 447 60 97 698
7 1096 \+ 69286 69350 133 72 0 0
7 212 \: 72093 72756 317 101 273 602
7 1114 \+ 72093 72224 443 150 472 121
7 1102 \+ 70151 70309 187 176 568 711
7 1113 \+ 71922 72092 360 191 443 162
7 1101 \+ 69799 70150 263 203 187 188
7 1100 \+ 69700 69796 159 231 263 215
7 1099 \+ 69566 69697 101 244 159 243
7 211 \: 71575 72092 317 243 472 121
7 1098 \+ 69505 69563 175 285 101 256
7 1097 \+ 69352 69502 114 299 175 297
7 1095 \+ 69083 69283 179 367 133 81
7 210 \: 71318 71537 317 396 366 340
7 1094 \+ 68770 69080 98 421 179 379
7 1093 \+ 68529 68768 71 462 98 433
7 1110 \+ 71318 71537 386 459 570 417
7 1092 \+ 68362 68526 94 489 71 474
7 1109 \+ 71056 71317 483 486 386 471
7 1108 \+ 70967 71053 554 514 483 498
7 208 \: 68084 70150 32 541 568 711
7 1107 \+ 70867 70964 573 554 554 526
7 1106 \+ 70704 70864 468 582 573 566
7 1090 \+ 68084 68260 60 590 172 562
7 1105 \+ 70576 70701 571 609 468 594
7 1089 \+ 67891 68083 153 631 60 602
7 1104 \+ 70488 70574 542 650 571 621
7 1088 \+ 67747 67888 155 686 153 643
7 209 \: 70151 71317 317 691 570 417
