= section3.gt 7 4
7 1130 \+ 74908 75268 286 115 317 684
7 216 \: 76803 77207 317 112 114 670
7 214 \: 74408 75862 32 167 467 453
7 1140 \+ 76803 77062 518 176 502 133
7 1139 \+ 76594 76802 372 189 518 188
7 1128 \+ 74408 74676 104 203 263 188
7 1127 \+ 74274 74407 129 244 104 215
7 1138 \+ 76506 76591 455 244 372 201
7 1137 \+ 76300 76503 385 257 455 256
7 1126 \+ 74114 74271 151 285 129 256
7 1136 \+ 76231 76297 317 296 385 269
7 1125 \+ 73951 74111 109 353 151 297
7 1135 \+ 76106 76229 492 393 425 378
7 1124 \+ 73671 73948 99 407 109 365
7 215 \: 75863 76802 317 432 502 133
7 1123 \+ 73439 73668 240 461 99 419
7 1122 \+ 73241 73437 32 475 240 473
7 1133 \+ 75863 76005 338 495 467 453
7 1121 \+ 73141 73239 172 529 32 487
7 1120 \+ 72945 73138 253 557 172 541
7 213 \: 72757 74407 32 582 263 188
7 1132 \+ 75624 75862 446 590 338 507
7 1118 \+ 72757 72844 106 631 273 602
7 1131 \+ 75271 75621 317 672 446 602
7 1117 \+ 72554 72756 97 686 106 643
