= intro.gt 2 3
2 90 \+ 19989 20186 31 87 494 711
2 106 \+ 22505 22836 395 101 78 684
2 89 \+ 19805 19986 239 141 31 99
2 87 \+ 19720 19743 109 155 219 167
2 88 \+ 19746 19802 219 155 239 153
2 105 \+ 22292 22502 372 155 395 113
2 86 \+ 19691 19717 246 169 109 167
2 19 \: 22177 23146 317 194 236 616
2 104 \+ 22177 22290 317 194 372 167
2 85 \+ 19365 19688 73 237 246 181
2 103 \+ 21960 22174 538 257 489 215
2 102 \+ 21862 21957 345 271 538 269
2 101 \+ 21782 21859 505 298 345 283
2 100 \+ 21694 21779 373 311 505 310
2 99 \+ 21554 21691 513 352 373 323
2 84 \+ 18853 19362 264 373 73 249
2 83 \+ 18691 18850 61 400 264 385
2 98 \+ 21260 21551 422 420 513 364
2 17 \: 18512 20679 32 460 428 589
2 82 \+ 18512 18688 32 460 61 412
2 97 \+ 20864 21257 391 515 422 432
2 81 \+ 18214 18509 190 536 287 480
2 96 \+ 20681 20861 317 571 391 527
2 18 \: 20681 22175 317 571 489 215
2 80 \+ 18061 18211 253 577 190 548
2 95 \+ 20427 20678 317 631 428 589
2 92 \+ 20221 20237 389 686 477 698
2 93 \+ 20239 20253 477 686 561 698
2 94 \+ 20256 20424 561 686 317 643
2 91 \+ 20188 20218 494 699 389 698
