= section3.gt 7 4
7 1150 \+ 78743 78843 286 73 415 684
7 1149 \+ 78566 78740 213 128 286 85
7 1162 \+ 81114 81226 457 141 67 711
7 1148 \+ 78328 78563 274 196 213 140
7 1147 \+ 78079 78325 32 234 274 208
7 1161 \+ 80757 81113 343 264 457 153
7 1160 \+ 80253 80754 419 291 343 276
7 220 \: 79980 81113 317 344 67 711
7 1158 \+ 79980 80159 374 366 509 364
7 1157 \+ 79898 79979 483 393 374 378
7 1156 \+ 79811 79896 426 461 483 405
7 218 \: 77886 79130 32 466 424 589
7 1155 \+ 79524 79809 567 515 426 473
7 1145 \+ 77886 77908 277 543 143 487
7 219 \: 79131 79979 317 571 509 364
7 1144 \+ 77638 77885 186 584 277 555
7 1153 \+ 79131 79335 543 618 424 589
7 1152 \+ 78985 79130 406 645 543 630
7 217 \: 77208 77885 32 650 143 487
7 1151 \+ 78846 78983 415 672 406 657
7 1142 \+ 77208 77449 219 699 114 670
