= section3.gt 7 6
7 1172 \+ 83010 83176 259 87 461 698
7 226 \: 85193 86263 317 85 131 480
7 1184 \+ 85193 85354 462 121 357 106
7 1171 \+ 82806 83009 32 126 259 99
7 1183 \+ 85103 85192 451 162 462 133
7 1182 \+ 84931 85100 355 203 451 174
7 1170 \+ 82653 82804 31 222 75 220
7 225 \: 84521 85192 317 269 357 106
7 1169 \+ 82590 82651 287 276 31 234
7 1168 \+ 82413 82587 275 331 287 288
7 1180 \+ 84521 84741 425 332 458 289
7 222 \: 82084 83009 32 356 461 698
7 1179 \+ 84299 84520 416 373 425 344
7 1178 \+ 84137 84297 317 400 416 385
7 224 \: 83899 84520 317 439 458 289
7 1166 \+ 82084 82183 172 447 235 377
7 1176 \+ 83899 83999 506 488 433 460
7 1165 \+ 81748 82083 123 501 172 459
7 1175 \+ 83752 83898 406 570 506 500
7 1164 \+ 81518 81745 32 581 123 513
7 1174 \+ 83408 83749 347 624 406 582
7 223 \: 83010 83898 317 677 433 460
7 221 \: 81114 82083 32 693 235 377
