= section3.gt 7 1
= conclusion.gt 1 2
1 228 \: 12 1153 32 60 345 426
1 1207 \+ 2470 2628 559 73 223 698
7 1198 \+ 0 0 133 160 162 145
1 1206 \+ 2029 2467 537 182 559 85
7 1197 \+ 87445 87567 209 187 133 172
7 1196 \+ 87345 87443 80 215 209 199
1 1205 \+ 1708 2026 316 250 537 194
7 1195 \+ 87207 87343 65 255 80 227
1 1204 \+ 1586 1706 536 291 316 262
7 1194 \+ 87042 87204 277 310 65 267
7 1193 \+ 86858 87039 258 364 277 322
7 1192 \+ 86637 86855 72 378 258 376
1 229 \: 1154 3731 317 407 153 426
7 1191 \+ 86544 86634 272 432 72 390
7 227 \: 86264 87567 32 460 162 145
1 1202 \+ 954 1153 444 468 345 426
1 1201 \+ 665 951 380 536 444 480
7 1189 \+ 86264 86364 63 563 131 480
7 1188 \+ 85868 86263 199 631 63 575
1 1200 \+ 282 663 571 645 380 548
7 1187 \+ 85619 85865 122 672 199 643
7 1186 \+ 85436 85616 279 699 122 684
