= conclusion.gt 1 3
1 1216 \+ 5086 5444 158 60 346 630
1 1226 \+ 7370 7603 469 114 522 72
1 1215 \+ 4786 5084 282 141 158 72
1 1214 \+ 4601 4783 199 182 282 153
1 1225 \+ 6999 7367 566 209 469 126
1 1224 \+ 6739 6997 383 264 566 221
1 1213 \+ 4168 4598 240 291 199 194
1 232 \: 6513 7603 317 332 522 72
1 1222 \+ 6369 6512 490 379 401 351
1 230 \: 3732 5444 32 405 346 630
1 1221 \+ 6173 6366 373 420 490 391
1 1211 \+ 3384 3731 89 495 153 426
1 1220 \+ 5739 6171 443 529 373 432
1 1210 \+ 3242 3381 228 536 89 507
1 1219 \+ 5631 5736 449 556 443 541
1 1218 \+ 5521 5628 440 583 449 568
1 1209 \+ 2984 3240 60 590 228 548
1 231 \: 5445 6512 317 611 401 351
1 1208 \+ 2631 2981 223 686 60 602
