= conclusion.gt 1 3
1 1238 \+ 11574 11926 372 82 0 0
1 1237 \+ 11361 11572 353 110 372 91
1 1233 \+ 9843 10589 232 128 392 224
1 1236 \+ 11044 11359 481 158 353 119
1 1235 \+ 10783 11041 317 186 481 167
1 1232 \+ 9481 9840 134 209 232 140
1 1234 \+ 10592 10780 392 215 317 195
1 234 \: 9069 12555 32 337 521 507
1 1243 \+ 13029 13354 432 365 249 711
1 1230 \+ 8702 9068 257 441 162 358
1 235 \: 12556 15292 317 487 271 507
1 1229 \+ 8320 8699 253 536 257 453
1 1241 \+ 12371 12555 408 536 521 507
1 1228 \+ 8130 8317 194 577 253 548
1 1240 \+ 12059 12368 465 618 408 548
1 1239 \+ 11928 12057 355 645 465 630
1 233 \: 7604 9068 32 710 162 358
