= conclusion.gt 1 3
1 1261 \+ 18778 19013 456 87 258 698
1 1248 \+ 14657 15292 73 110 0 0
1 1260 \+ 18567 18776 533 141 456 99
1 1247 \+ 14232 14655 79 167 73 119
1 1259 \+ 18283 18565 513 209 533 153
1 1253 \+ 16198 16571 211 256 430 657
1 238 \: 18084 19467 317 262 71 575
1 1252 \+ 15957 16195 120 311 211 268
1 1251 \+ 15787 15955 133 351 120 323
1 1257 \+ 17688 18083 519 366 533 283
1 1250 \+ 15519 15784 116 419 133 363
1 1256 \+ 17329 17685 425 447 519 378
1 236 \: 15293 16571 32 487 430 657
1 1255 \+ 17106 17326 411 502 425 459
1 1246 \+ 13759 14229 140 590 79 176
1 237 \: 16572 18083 317 636 533 283
1 1245 \+ 13533 13756 87 645 140 602
1 1244 \+ 13357 13531 249 699 87 657
