= conclusion.gt 1 5
1 240 \: 21208 22176 32 87 480 507
1 243 \: 23488 24438 317 128 167 548
1 1276 \+ 23388 23487 317 151 516 149
1 1267 \+ 20865 21207 246 203 69 120
1 1275 \+ 23111 23386 316 219 317 163
1 1266 \+ 20493 20862 32 285 246 215
1 242 \: 22621 23487 317 357 516 149
1 1265 \+ 20020 20490 114 407 32 297
1 1273 \+ 22428 22620 482 418 341 376
1 1264 \+ 19782 20017 277 475 114 419
1 241 \: 22177 22620 317 487 341 376
1 1271 \+ 22050 22176 393 522 480 507
1 239 \: 19468 21207 32 554 69 120
1 1270 \+ 21540 22048 531 658 393 534
1 1262 \+ 19016 19467 258 686 71 575
1 1269 \+ 21335 21537 362 699 531 670
