= conclusion.gt 1 6
1 249 \: 28628 29846 317 60 95 284
1 1289 \+ 26088 26220 95 73 478 711
1 1301 \+ 28557 28627 523 93 353 78
1 246 \: 25973 26531 32 117 347 630
1 1287 \+ 25800 25972 190 164 228 135
1 1300 \+ 28270 28554 447 161 523 105
1 1299 \+ 28019 28267 317 216 447 173
1 1286 \+ 25424 25798 278 259 190 176
1 1298 \+ 27892 28017 524 256 317 228
1 248 \: 27683 28627 317 313 353 78
1 245 \: 25102 25972 32 342 228 135
1 1296 \+ 27486 27682 438 362 546 333
1 1284 \+ 24973 25101 281 391 96 362
1 1283 \+ 24824 24970 77 418 281 403
1 1295 \+ 27197 27483 338 430 438 374
1 1282 \+ 24620 24821 120 472 77 430
1 1294 \+ 27078 27194 552 471 338 442
1 1293 \+ 26945 27075 442 498 552 483
1 244 \: 24439 25101 32 528 96 362
1 1292 \+ 26776 26942 433 539 442 510
1 1280 \+ 24370 24438 80 550 167 548
1 247 \: 26532 27682 317 611 546 333
1 1279 \+ 24103 24367 111 618 80 562
1 1278 \+ 23919 24100 249 672 111 630
1 1290 \+ 26222 26531 478 699 347 630
