= intro.gt 2 3
2 127 \+ 27538 27791 424 87 279 698
2 22 \: 27359 28610 317 147 287 494
2 116 \+ 24575 25098 86 182 225 72
2 115 \+ 24336 24572 32 237 86 194
2 125 \+ 26970 27358 522 250 527 167
2 123 \+ 26664 26712 317 318 560 330
2 124 \+ 26715 26967 560 318 522 262
2 114 \+ 23963 24333 149 332 32 249
2 113 \+ 23765 23960 279 386 149 344
2 122 \+ 26440 26661 550 386 317 330
2 112 \+ 23574 23762 151 427 279 398
2 121 \+ 26216 26438 548 441 550 398
2 111 \+ 23410 23571 214 468 151 439
2 120 \+ 25999 26213 316 482 548 453
2 110 \+ 23140 23408 251 536 214 480
2 119 \+ 25656 25996 317 563 316 494
2 20 \: 22929 25098 32 596 225 72
2 118 \+ 25442 25653 374 618 317 575
2 108 \+ 22826 22928 262 631 236 616
2 107 \+ 22622 22823 78 672 262 643
2 21 \: 25099 27358 317 710 527 167
