= intro.gt 2 4
2 141 \+ 30449 30645 172 60 353 670
2 140 \+ 30163 30446 99 128 172 72
2 154 \+ 32695 33183 484 128 129 670
2 26 \: 32441 33294 317 194 115 643
2 153 \+ 32441 32692 317 194 484 140
2 24 \: 29879 31121 32 208 497 562
2 139 \+ 29879 30161 32 208 99 140
2 138 \+ 29779 29876 268 243 230 228
2 152 \+ 32126 32438 494 284 444 215
2 137 \+ 29515 29776 68 298 268 255
2 151 \+ 31937 32123 384 325 494 296
2 136 \+ 29364 29512 114 339 68 310
2 150 \+ 31789 31934 455 366 384 337
2 135 \+ 29123 29361 262 407 114 351
2 149 \+ 31644 31786 573 407 455 378
2 148 \+ 31426 31641 548 461 573 419
2 134 \+ 28858 29121 32 473 262 419
2 23 \: 28858 29877 32 473 230 228
2 147 \+ 31268 31424 549 502 548 473
2 146 \+ 31123 31266 317 541 549 514
2 25 \: 31123 32439 317 541 444 215
2 145 \+ 31051 31120 419 563 497 562
2 133 \+ 28434 28855 164 577 287 494
2 144 \+ 30907 31048 511 604 419 575
2 143 \+ 30796 30904 530 631 511 616
2 131 \+ 28096 28108 83 658 157 670
2 132 \+ 28111 28431 157 658 164 589
2 142 \+ 30648 30793 353 658 530 643
2 129 \+ 28054 28075 122 672 255 684
2 130 \+ 28078 28094 255 672 83 670
2 128 \+ 28035 28051 279 686 122 684
