= intro.gt 2 4
2 29 \: 35171 36816 32 60 348 303
2 180 \+ 37589 37757 396 73 150 698
2 179 \+ 37506 37586 545 101 396 85
2 166 \+ 34945 35170 235 123 287 80
2 178 \+ 37292 37504 317 141 545 113
2 165 \+ 34779 34943 220 163 235 135
2 177 \+ 37100 37289 422 196 317 153
2 164 \+ 34624 34776 272 204 220 175
2 176 \+ 36934 37098 377 237 422 208
2 163 \+ 34413 34621 89 245 272 216
2 30 \: 36817 37967 317 285 83 643
2 174 \+ 36698 36816 317 318 348 303
2 28 \: 34074 35170 32 341 287 80
2 161 \+ 33944 34073 81 377 184 362
2 173 \+ 36410 36696 494 400 317 330
2 172 \+ 36347 36408 465 414 494 412
2 160 \+ 33720 33941 78 431 81 389
2 171 \+ 36128 36344 477 468 465 426
2 159 \+ 33502 33718 60 486 78 443
2 170 \+ 35857 36125 503 536 477 480
2 158 \+ 33190 33500 153 567 60 498
2 169 \+ 35725 35854 367 563 503 548
2 157 \+ 33066 33188 60 594 153 579
2 27 \: 33008 34073 32 623 184 362
2 155 \+ 32900 33007 129 658 115 643
2 168 \+ 35252 35722 451 686 367 575
