= intro.gt 2 3
= section1.gt 3 3
3 191 \+ 336 496 157 60 435 684
3 204 \+ 2094 2332 465 73 287 684
3 190 \+ 175 334 140 101 157 72
3 203 \+ 1923 2091 448 114 465 85
3 34 \: 43 496 32 137 435 684
3 202 \+ 1702 1920 462 169 448 126
3 201 \+ 1614 1699 317 193 462 181
3 200 \+ 1590 1612 471 243 581 255
3 199 \+ 1505 1588 317 257 471 255
2 188 \+ 39218 39460 293 284 100 228
3 36 \: 1397 2332 317 295 287 684
2 187 \+ 39015 39216 118 325 293 296
3 197 \+ 1250 1396 543 344 467 316
3 196 \+ 1064 1248 445 385 543 356
2 33 \: 38785 39460 32 391 100 228
2 32 \: 38660 38784 32 439 119 412
3 195 \+ 851 1061 497 440 445 397
2 184 \+ 38552 38659 274 475 267 460
2 183 \+ 38303 38549 103 529 274 487
3 194 \+ 704 848 338 560 497 452
3 193 \+ 682 702 414 611 513 623
2 31 \: 37968 38659 32 625 267 460
3 35 \: 497 1396 317 663 467 316
2 181 \+ 37760 37967 150 686 83 643
