= section1.gt 3 5
3 183 \+ 30878 30994 270 96 456 711
3 36 \: 25158 26468 32 174 561 407
3 182 \+ 30598 30876 32 174 270 108
3 38 \: 27038 27697 317 230 224 579
3 191 \+ 32769 32999 317 230 362 176
3 180 \+ 29695 30086 143 279 127 236
3 179 \+ 29480 29692 32 306 143 291
3 189 \+ 32361 32495 317 386 559 319
3 37 \: 26469 27037 317 386 393 251
3 178 \+ 29041 29309 32 428 32 318
3 177 \+ 28986 29039 32 523 32 440
3 35 \: 23779 25157 32 523 269 195
3 187 \+ 31889 32161 440 531 556 461
3 186 \+ 31500 31734 339 544 440 543
3 185 \+ 31269 31497 317 597 339 556
3 175 \+ 28595 28733 287 639 208 569
3 174 \+ 28365 28593 32 677 287 651
3 34 \: 23232 23778 32 677 100 542
3 184 \+ 30997 31266 456 699 501 711
