= section1.gt 3 4
3 201 \+ 35639 35796 32 84 451 684
3 210 \+ 37647 37893 317 107 32 684
3 42 \: 30598 31888 317 107 192 439
3 200 \+ 35467 35636 31 173 184 158
3 208 \+ 37473 37557 317 206 551 196
3 41 \: 30246 30597 317 206 457 128
3 199 \+ 35179 35428 32 227 31 185
3 198 \+ 34858 35061 283 282 32 239
3 197 \+ 34459 34855 231 336 283 294
3 196 \+ 34346 34456 32 361 231 348
3 206 \+ 36881 37001 548 414 556 331
3 205 \+ 36694 36878 317 466 548 426
3 40 \: 29480 30216 317 466 390 290
3 195 \+ 34256 34343 32 559 75 519
3 39 \: 27698 29479 32 559 566 487
3 203 \+ 36322 36429 317 581 562 527
3 193 \+ 33483 33609 175 635 190 607
3 192 \+ 33108 33480 32 676 175 647
3 202 \+ 35799 36126 451 672 434 670
