= section1.gt 3 4
3 223 \+ 33288 33662 32 113 317 670
3 44 \: 33288 34107 32 113 551 575
3 233 \+ 35659 35830 410 118 163 711
3 222 \+ 33181 33285 32 135 277 134
3 221 \+ 32946 33178 257 203 32 147
3 46 \: 35368 36518 317 236 223 548
3 232 \+ 35368 35619 317 236 401 130
3 220 \+ 32673 32943 289 271 257 215
3 231 \+ 35252 35365 422 271 463 256
3 219 \+ 32535 32670 163 299 289 283
3 230 \+ 35045 35249 498 326 422 283
3 218 \+ 32338 32532 32 339 163 311
3 217 \+ 32063 32335 32 419 32 351
3 43 \: 32063 33286 32 419 277 134
3 229 \+ 34644 35042 468 421 498 338
3 228 \+ 34531 34641 456 448 468 433
3 216 \+ 31909 32060 253 468 192 439
3 227 \+ 34440 34528 562 475 456 460
3 215 \+ 31670 31906 172 522 253 480
3 226 \+ 34109 34438 317 555 562 487
3 45 \: 34109 35366 317 555 463 256
3 214 \+ 31439 31667 154 577 172 534
3 225 \+ 33794 34106 371 631 551 575
3 213 \+ 31164 31436 104 645 154 589
3 224 \+ 33665 33791 317 658 371 643
3 212 \+ 31045 31161 32 672 104 657
