= section1.gt 3 4
3 246 \+ 48586 48813 32 61 316 657
3 49 \: 38200 39095 32 61 375 494
3 244 \+ 47979 48190 184 151 58 95
3 253 \+ 49897 50136 562 169 341 126
3 243 \+ 47830 47977 32 176 184 163
3 242 \+ 47481 47827 32 236 195 223
3 48 \: 37679 38198 32 236 273 82
3 252 \+ 49744 49894 389 250 562 181
3 240 \+ 46671 46889 119 353 75 324
3 239 \+ 46418 46668 32 380 119 365
3 238 \+ 46118 46415 226 435 32 392
3 251 \+ 49619 49741 486 462 389 262
3 250 \+ 49239 49489 317 473 486 474
3 50 \: 39097 40263 317 473 515 72
3 237 \+ 45862 46116 32 489 226 447
3 236 \+ 45677 45860 32 528 32 501
3 47 \: 36520 37677 32 528 278 256
3 248 \+ 48959 49053 412 604 508 575
3 247 \+ 48815 48956 316 645 412 616
3 234 \+ 45091 45199 129 658 70 589
3 233 \+ 44893 45088 163 699 129 670
