= section1.gt 3 4
3 276 \+ 57652 57790 482 75 220 670
3 54 \: 45677 47083 317 129 175 426
3 275 \+ 57460 57649 317 129 482 87
3 273 \+ 56493 56746 317 244 498 215
3 272 \+ 56175 56490 316 271 317 256
3 263 \+ 53303 53581 224 312 429 711
3 271 \+ 55561 56005 438 326 316 283
3 270 \+ 55422 55558 531 353 438 338
3 52 \: 42963 44602 32 378 461 426
3 262 \+ 53151 53300 32 378 224 324
3 269 \+ 55197 55419 317 380 531 365
3 268 \+ 54657 54960 317 405 317 392
3 53 \: 44604 45675 317 405 455 147
3 261 \+ 52593 52905 116 427 276 398
3 260 \+ 52200 52591 32 454 116 439
3 259 \+ 52111 52197 107 509 32 466
3 266 \+ 53948 54200 342 509 350 480
3 258 \+ 51742 52108 54 550 107 521
3 257 \+ 51266 51739 156 618 54 562
3 256 \+ 50901 50984 98 631 156 630
3 265 \+ 53732 53945 412 658 342 521
3 264 \+ 53583 53729 429 699 412 670
3 255 \+ 50624 50899 32 710 98 643
3 51 \: 40265 42961 32 710 286 398
