= section1.gt 3 4
3 299 \+ 50008 50283 317 75 276 684
3 286 \+ 47601 47877 250 122 532 711
3 58 \: 49790 50643 317 140 88 589
3 298 \+ 49790 50006 317 140 317 87
3 285 \+ 47391 47599 221 176 250 134
3 297 \+ 49534 49789 394 203 561 161
3 284 \+ 47242 47389 277 217 221 188
3 296 \+ 49292 49531 316 258 394 215
3 283 \+ 46899 47239 169 299 277 229
3 295 \+ 49139 49289 364 299 316 270
3 294 \+ 49014 49136 317 334 364 311
3 57 \: 49014 49789 317 334 561 161
3 55 \: 46507 47877 32 405 532 711
3 282 \+ 46507 46897 32 405 169 311
3 293 \+ 48890 48970 420 419 551 418
3 281 \+ 46318 46506 32 454 175 426
3 292 \+ 48637 48887 577 487 420 431
3 280 \+ 46099 46315 32 509 32 466
3 291 \+ 48456 48634 512 528 577 499
3 290 \+ 48359 48453 562 555 512 540
3 279 \+ 45846 46096 143 577 32 521
3 289 \+ 48220 48356 365 583 562 567
3 288 \+ 47993 48218 349 637 365 595
3 278 \+ 45550 45843 220 658 143 589
3 287 \+ 47878 47990 317 678 349 649
3 56 \: 47878 48970 317 678 551 418
