= section1.gt 3 2
3 313 \+ 53562 53840 477 60 275 657
3 312 \+ 53310 53559 393 271 477 72
3 311 \+ 53094 53307 429 326 393 283
3 304 \+ 51486 51572 63 353 217 351
3 310 \+ 52945 53091 508 367 429 338
3 309 \+ 52665 52943 510 435 508 379
3 303 \+ 51120 51483 168 448 63 365
3 60 \: 52513 54008 317 473 249 616
3 307 \+ 52272 52512 510 536 555 494
3 59 \: 50644 52512 32 568 555 494
3 306 \+ 51961 52269 317 604 510 548
3 301 \+ 50369 50643 171 645 88 589
3 300 \+ 50285 50366 276 672 171 657
3 305 \+ 51574 51959 317 710 317 616
