= section1.gt 3 5
3 322 \+ 55824 56073 251 123 400 711
3 331 \+ 58090 58293 413 183 355 141
3 63 \: 55508 56504 32 202 553 616
3 320 \+ 55345 55507 96 251 90 223
3 330 \+ 57800 58088 354 251 413 195
3 65 \: 57519 58293 317 331 355 141
3 319 \+ 54903 55342 115 360 96 263
3 328 \+ 57402 57518 417 367 486 351
3 318 \+ 54766 54900 32 387 115 372
3 327 \+ 57111 57399 345 435 417 379
3 62 \: 54543 55507 32 453 90 223
3 326 \+ 56971 57109 455 475 345 447
3 316 \+ 54314 54542 163 516 157 474
3 325 \+ 56781 56968 316 516 455 487
3 61 \: 54009 54542 32 598 157 474
3 64 \: 56505 57518 317 596 486 351
3 314 \+ 53843 54008 275 645 249 616
3 323 \+ 56075 56504 400 699 553 616
