= section2.gt 4 7
4 358 \+ 4715 5037 436 60 209 618
4 357 \+ 4668 4713 432 73 436 72
4 344 \+ 2268 2462 278 90 449 698
4 356 \+ 4589 4665 495 101 432 85
4 343 \+ 2059 2265 111 131 278 102
4 355 \+ 4417 4586 338 141 495 113
4 69 \: 1826 2462 32 197 449 698
4 342 \+ 1826 2056 32 197 111 143
4 354 \+ 4232 4414 559 218 338 153
4 341 \+ 1600 1825 184 259 189 217
4 72 \: 4021 5796 317 270 194 427
4 353 \+ 4021 4230 317 270 559 230
4 340 \+ 1357 1598 32 325 184 271
4 68 \: 1357 1825 32 325 189 217
4 352 \+ 3711 4020 317 347 531 291
4 339 \+ 1129 1356 207 388 233 346
4 351 \+ 3590 3708 533 387 317 359
4 350 \+ 3339 3587 389 442 533 399
4 349 \+ 3272 3337 346 455 389 454
4 338 \+ 807 1127 222 470 207 400
4 337 \+ 750 804 213 483 222 482
4 336 \+ 608 747 31 511 213 495
4 348 \+ 3018 3270 317 534 346 467
4 71 \: 3018 4020 317 534 531 291
4 335 \+ 331 605 32 590 31 523
4 67 \: 331 1356 32 590 233 346
4 347 \+ 2778 3017 508 598 572 555
4 334 \+ 217 330 232 626 287 610
4 346 \+ 2653 2775 451 625 508 610
4 333 \+ 142 215 153 639 232 638
4 332 \+ 61 139 32 661 153 651
4 66 \: 61 330 32 661 287 610
4 345 \+ 2463 2650 317 677 451 637
4 70 \: 2463 3017 317 677 572 555
