= section2.gt 4 5
4 375 \+ 11973 12178 317 89 107 684
4 74 \: 7024 7291 32 115 529 711
4 365 \+ 9351 9677 32 115 269 102
4 374 \+ 11873 11971 443 130 317 101
4 77 \: 8846 9973 317 180 166 534
4 373 \+ 11754 11870 317 180 443 142
4 363 \+ 9030 9165 207 232 71 190
4 362 \+ 8846 9027 56 259 207 244
4 361 \+ 8327 8697 81 300 56 271
4 371 \+ 11379 11514 317 361 524 280
4 76 \: 8327 8820 317 361 566 252
4 360 \+ 7754 8096 32 406 81 312
4 73 \: 5869 7022 32 406 228 135
4 358 \+ 7293 7477 83 565 299 522
4 369 \+ 10679 10819 449 571 424 435
4 357 \+ 7024 7124 209 606 83 577
4 368 \+ 10275 10676 438 639 449 583
4 367 \+ 10077 10272 317 691 438 651
4 75 \: 7293 8325 317 691 449 381
