= intro.gt 2 5
2 24 \+ 7082 7251 316 82 141 711
2 6 \: 5552 6797 317 148 287 507
2 23 \+ 6798 7080 317 148 316 94
2 14 \+ 3897 4225 223 224 159 100
2 21 \+ 6224 6374 422 333 525 250
2 3 \: 2271 3572 32 372 453 684
2 13 \+ 3573 3894 32 372 223 236
2 20 \+ 5911 6221 317 399 422 345
2 5 \: 4582 5551 317 399 546 168
2 18 \+ 5552 5773 364 489 489 460
2 11 \+ 2271 2786 275 516 100 460
2 10 \+ 1717 1957 166 530 275 528
2 17 \+ 4817 5220 351 571 364 501
2 9 \+ 1641 1714 62 598 166 542
2 8 \+ 1351 1639 32 623 62 610
2 2 \: 1294 2270 32 623 272 392
2 16 \+ 4582 4814 317 663 351 583
2 4 \: 3573 4581 317 663 470 419
