= section2.gt 4 4
4 384 \+ 13853 13993 32 154 317 711
4 79 \: 11324 12364 32 154 553 494
4 398 \+ 18243 18454 404 197 562 182
4 397 \+ 18116 18241 509 238 404 209
4 396 \+ 17958 18113 442 265 509 250
4 382 \+ 13603 13701 141 299 192 256
4 395 \+ 17596 17793 557 319 442 277
4 381 \+ 13408 13600 252 339 141 311
4 81 \: 13303 14238 317 344 165 684
4 394 \+ 17431 17594 317 344 557 331
4 393 \+ 16904 17115 316 394 534 365
4 392 \+ 16607 16902 385 421 316 406
4 380 \+ 13303 13405 152 435 252 351
4 391 \+ 16492 16604 317 473 385 433
4 80 \: 12365 13302 317 473 543 365
4 379 \+ 12651 12859 264 489 152 447
4 378 \+ 12549 12648 32 514 264 501
4 78 \: 9927 11323 32 514 131 175
4 389 \+ 16131 16269 440 536 566 521
4 388 \+ 15918 16014 469 590 440 548
4 387 \+ 15032 15341 503 618 469 602
4 386 \+ 14567 14701 464 645 503 630
4 376 \+ 12120 12255 107 672 100 602
4 385 \+ 14239 14565 317 699 464 657
