= section2.gt 4 4
4 419 \+ 18803 18964 559 137 248 402
4 418 \+ 18578 18800 569 191 559 149
4 410 \+ 16713 17010 116 224 496 684
4 417 \+ 18363 18575 317 244 569 203
4 409 \+ 16596 16710 116 251 116 236
4 408 \+ 16375 16593 145 306 116 263
4 407 \+ 16235 16373 242 347 145 318
4 406 \+ 16022 16118 32 360 231 359
4 416 \+ 18236 18361 571 415 378 386
4 83 \: 15131 17544 32 453 539 630
4 405 \+ 15131 15442 32 453 292 386
4 415 \+ 18077 18233 317 453 571 427
4 85 \: 18077 19334 317 453 237 241
4 414 \+ 17912 18074 405 503 445 474
4 404 \+ 14802 15128 184 543 184 474
4 413 \+ 17713 17910 494 557 405 515
4 403 \+ 14665 14799 32 571 184 555
4 412 \+ 17546 17711 317 609 494 569
4 84 \: 17546 18075 317 609 445 474
4 402 \+ 14336 14663 32 663 32 583
4 82 \: 14336 15129 32 663 184 474
4 411 \+ 17012 17226 496 672 529 630
