= section2.gt 4 5
4 453 \+ 35753 36097 488 115 269 698
4 442 \+ 34056 34159 32 129 316 711
4 92 \: 26275 27426 32 129 513 507
4 452 \+ 35706 35751 419 170 488 127
4 94 \: 28392 30133 317 236 203 466
4 451 \+ 35500 35703 317 236 419 182
4 440 \+ 33359 33767 190 273 259 231
4 449 \+ 35094 35258 361 339 370 297
4 439 \+ 33211 33356 32 377 190 285
4 91 \: 25310 26273 32 377 172 149
4 448 \+ 34673 34854 432 421 361 351
4 447 \+ 34558 34671 317 487 432 433
4 93 \: 27428 28390 317 487 468 256
4 437 \+ 32223 32715 32 554 186 542
4 90 \: 24924 25271 32 554 72 474
4 445 \+ 34459 34506 477 590 487 562
4 444 \+ 34332 34455 510 658 477 602
4 443 \+ 34162 34330 316 699 510 670
