= section2.gt 4 4
4 466 \+ 31510 31775 276 102 515 698
4 475 \+ 34162 34330 492 143 61 644
4 465 \+ 31270 31507 193 156 276 114
4 474 \+ 34056 34159 529 170 492 155
4 464 \+ 31089 31267 105 197 193 168
4 98 \: 33904 35092 317 211 132 406
4 473 \+ 33904 34054 317 211 529 182
4 96 \: 31017 31776 32 222 515 698
4 463 \+ 31017 31086 32 222 105 209
4 472 \+ 33770 33901 496 258 332 229
4 462 \+ 30811 31014 101 271 287 243
4 461 \+ 30643 30808 83 312 101 283
4 471 \+ 33359 33767 368 353 496 270
4 460 \+ 30420 30640 114 367 83 324
4 470 \+ 33211 33356 504 394 368 365
4 469 \+ 33015 33209 356 435 504 406
4 459 \+ 30135 30417 32 446 114 379
4 95 \: 30135 31015 32 446 287 243
4 458 \+ 30070 30132 170 468 203 466
4 468 \+ 32223 32715 401 557 346 447
4 457 \+ 29549 30067 108 590 170 480
4 467 \+ 31778 32221 317 677 401 569
4 97 \: 31778 33902 317 677 332 229
4 456 \+ 29193 29546 269 686 108 602
