= section2.gt 4 3
4 487 \+ 36099 36421 147 82 373 657
4 500 \+ 38628 38882 497 88 75 684
4 499 \+ 38472 38625 316 115 497 100
4 486 \+ 35753 36097 32 163 147 94
4 498 \+ 38297 38470 559 170 316 127
4 485 \+ 35706 35751 74 177 32 175
4 497 \+ 38151 38294 415 197 559 182
4 484 \+ 35500 35703 138 231 74 189
4 496 \+ 37991 38148 491 238 415 209
4 101 \: 37863 40068 317 276 232 398
4 495 \+ 37863 37988 317 276 491 250
4 483 \+ 35261 35497 32 297 138 243
4 494 \+ 37515 37860 317 367 402 297
4 99 \: 35094 36566 32 388 512 630
4 482 \+ 35094 35258 32 388 257 359
4 481 \+ 34856 35091 70 448 132 406
4 493 \+ 37174 37513 556 462 317 379
4 492 \+ 37125 37172 570 475 556 474
4 480 \+ 34673 34854 268 503 70 460
4 479 \+ 34558 34671 240 530 268 515
4 491 \+ 36883 37122 493 530 570 487
4 477 \+ 34459 34506 35 544 272 556
4 478 \+ 34509 34555 272 544 240 542
4 490 \+ 36693 36880 385 571 493 542
4 489 \+ 36568 36690 317 609 385 583
4 100 \: 36568 37861 317 609 402 297
4 476 \+ 34332 34455 61 632 105 617
4 488 \+ 36424 36565 373 645 512 630
