= section2.gt 4 3
4 510 \+ 52805 52908 165 135 86 93
4 521 \+ 56473 56623 437 175 185 711
4 509 \+ 52275 52673 129 231 165 147
4 520 \+ 56300 56470 577 284 423 187
4 508 \+ 52162 52272 272 312 129 243
4 104 \: 42810 45498 317 311 123 657
4 519 \+ 56100 56297 317 311 577 296
4 102 \: 40070 41449 32 378 372 684
4 507 \+ 52065 52160 32 378 272 324
4 517 \+ 55688 55954 571 407 394 351
4 516 \+ 55044 55249 487 448 571 419
4 505 \+ 51552 51853 278 468 121 426
4 515 \+ 54848 55041 358 516 487 460
4 504 \+ 51250 51549 281 522 278 480
4 503 \+ 51179 51248 244 563 281 534
4 514 \+ 54628 54846 520 571 358 528
4 513 \+ 54360 54626 380 598 520 583
4 502 \+ 51017 51177 182 604 244 575
4 501 \+ 50916 51014 87 618 182 616
4 500 \+ 50312 50661 84 645 87 630
4 512 \+ 53070 53508 317 664 380 610
4 103 \: 41451 42808 317 664 450 338
4 499 \+ 50015 50309 75 672 84 657
