= section2.gt 4 3
4 535 \+ 49417 49553 316 170 154 711
4 534 \+ 49158 49414 450 238 316 182
4 107 \: 48843 49554 317 317 154 711
4 533 \+ 48843 49155 317 317 450 250
4 532 \+ 48623 48840 316 367 561 338
4 528 \+ 46470 46913 199 394 448 684
4 527 \+ 46223 46468 101 448 199 406
4 531 \+ 48251 48620 394 462 316 379
4 526 \+ 45789 46220 106 557 101 460
4 530 \+ 47800 48248 317 582 394 474
4 106 \: 47800 48841 317 582 561 338
4 105 \: 45500 47798 32 639 468 602
4 525 \+ 45500 45787 32 639 106 569
4 529 \+ 46916 47261 448 672 454 602
4 524 \+ 44767 44969 204 699 109 657
