= section2.gt 4 4
4 543 \+ 61398 61843 285 137 404 711
4 542 \+ 61214 61396 229 151 285 149
4 541 \+ 61024 61211 278 192 229 163
4 109 \: 50632 51668 32 217 476 616
4 540 \+ 60952 61022 32 217 278 204
4 553 \+ 64628 64796 545 243 514 146
4 552 \+ 63969 64311 557 284 545 255
4 111 \: 52514 54065 317 309 273 479
4 551 \+ 63708 63967 317 309 557 296
4 538 \+ 60439 60583 87 375 196 305
4 549 \+ 63153 63353 317 451 371 356
4 537 \+ 60207 60437 264 456 87 387
4 536 \+ 59752 59998 32 495 264 468
4 548 \+ 62973 63150 513 543 500 528
4 547 \+ 62767 62970 566 571 513 555
4 535 \+ 59535 59749 102 589 298 587
4 546 \+ 62564 62764 317 596 566 583
4 110 \: 51669 52513 317 596 466 329
4 534 \+ 59354 59532 32 638 102 601
4 108 \: 49300 50631 32 638 81 237
4 544 \+ 62253 62371 404 699 540 643
