= intro.gt 2 4
2 45 \+ 13530 13697 397 96 157 711
2 44 \+ 13274 13528 522 164 397 108
2 33 \+ 9970 10098 273 196 487 711
2 43 \+ 13114 13271 447 204 522 176
2 10 \: 9970 10889 317 242 181 670
2 42 \+ 12621 12785 317 242 447 216
2 32 \+ 9466 9708 244 285 273 208
2 31 \+ 9285 9463 150 367 244 297
2 40 \+ 11774 12362 459 374 526 331
2 30 \+ 8926 9283 135 407 150 379
2 39 \+ 11416 11771 428 415 459 386
2 7 \: 6798 8407 32 489 450 670
2 29 \+ 8708 8835 32 489 135 419
2 38 \+ 11028 11414 317 510 428 427
2 9 \: 8926 9969 317 510 504 263
2 36 \+ 10541 10714 513 571 583 555
2 27 \+ 7668 8251 173 590 77 548
2 26 \+ 7617 7665 251 631 173 602
2 35 \+ 10290 10538 317 650 513 583
2 8 \: 8408 8925 317 650 474 528
2 25 \+ 7253 7615 141 699 251 643
