= section2.gt 4 3
4 561 \+ 67224 67466 261 60 440 684
4 574 \+ 71680 71849 537 108 220 684
4 113 \: 55688 57114 32 125 405 439
4 560 \+ 66785 66880 32 125 261 72
4 573 \+ 71415 71677 465 149 537 120
4 572 \+ 69968 70242 368 190 465 161
4 571 \+ 69750 69965 416 258 368 202
4 558 \+ 66184 66549 91 284 276 255
4 570 \+ 69295 69622 343 285 416 270
4 557 \+ 65620 65761 249 338 91 296
4 569 \+ 69116 69293 518 353 343 297
4 556 \+ 65534 65617 256 392 249 350
4 114 \: 57116 59246 317 419 74 548
4 568 \+ 68889 69113 317 419 518 365
4 555 \+ 65332 65531 32 458 256 404
4 112 \: 54360 55686 32 458 192 146
4 566 \+ 68430 68560 339 522 527 507
4 565 \+ 68272 68427 535 550 339 534
4 564 \+ 67840 68270 332 577 535 562
4 563 \+ 67731 67838 317 618 332 589
4 562 \+ 67469 67728 440 672 317 630
