= section2.gt 4 4
4 587 \+ 60150 60397 247 87 363 684
4 586 \+ 60003 60147 84 114 247 99
4 597 \+ 62526 62703 411 126 207 684
4 116 \: 59771 60397 32 182 363 684
4 585 \+ 59771 60001 32 182 84 126
4 596 \+ 62322 62523 471 181 411 138
4 595 \+ 62120 62319 569 235 471 193
4 584 \+ 59566 59770 87 244 267 215
4 594 \+ 61931 62118 409 276 569 247
4 583 \+ 59322 59563 180 312 87 256
4 118 \: 61810 63257 317 314 274 548
4 593 \+ 61810 61928 317 314 409 288
4 582 \+ 59107 59319 170 367 180 324
4 581 \+ 58929 59104 63 407 170 379
4 592 \+ 60959 61402 443 469 557 335
4 580 \+ 58691 58927 240 475 63 419
4 591 \+ 60775 60957 411 510 443 481
4 579 \+ 58507 58689 32 530 240 487
4 115 \: 58507 59770 32 530 267 215
4 590 \+ 60586 60772 317 562 411 522
4 578 \+ 58271 58506 255 604 74 548
4 589 \+ 60514 60584 376 625 434 623
4 588 \+ 60398 60512 317 666 376 637
4 117 \: 60398 61809 317 666 570 335
4 577 \+ 58000 58268 220 672 255 616
