= section2.gt 4 4
4 617 \+ 0 0 506 75 65 698
4 616 \+ 0 0 562 115 506 87
4 606 \+ 0 0 182 129 81 100
4 605 \+ 0 0 32 143 182 141
4 604 \+ 0 0 124 197 32 155
4 615 \+ 0 0 317 211 562 127
4 603 \+ 0 0 32 238 124 209
4 614 \+ 0 0 568 251 317 223
4 120 \: 64975 66182 32 289 528 657
4 602 \+ 0 0 32 289 32 250
4 613 \+ 0 0 434 306 568 263
4 122 \: 67224 68887 317 372 268 630
4 612 \+ 0 0 317 372 434 318
4 600 \+ 0 0 285 462 299 392
4 610 \+ 0 0 348 475 534 474
4 599 \+ 0 0 32 528 285 474
4 119 \: 64050 64973 32 528 179 311
4 609 \+ 0 0 528 543 348 487
4 597 \+ 0 0 173 618 213 589
4 608 \+ 0 0 317 636 528 555
4 121 \: 66184 67222 317 636 533 392
4 596 \+ 0 0 207 672 173 630
