= section2.gt 4 2
= section3.gt 5 3
5 639 \+ 1639 1825 317 70 150 670
5 127 \: 1639 2035 317 70 107 616
5 638 \+ 1491 1606 478 160 531 145
5 637 \+ 1345 1487 316 187 478 172
4 628 \+ 70567 70829 74 251 560 684
5 636 \+ 1129 1342 317 255 316 199
5 126 \: 1129 1606 317 255 531 145
4 627 \+ 69132 69406 60 319 58 263
5 635 \+ 844 1128 417 329 384 273
5 634 \+ 668 842 357 370 417 341
4 124 \: 68914 71105 32 385 553 616
4 626 \+ 68914 69129 32 385 60 331
4 625 \+ 68794 68913 32 421 142 406
5 633 \+ 411 665 474 438 357 382
5 632 \+ 255 408 547 479 474 450
4 624 \+ 68465 68792 75 503 32 433
5 631 \+ 35 252 317 528 547 491
5 125 \: 35 1128 317 528 384 273
4 623 \+ 68286 68463 32 543 75 515
4 622 \+ 68059 68283 32 609 32 555
4 123 \: 68059 68913 32 609 142 406
4 630 \+ 71003 71105 344 618 553 616
4 621 \+ 67892 68058 277 658 268 630
4 629 \+ 70832 71001 560 672 344 630
4 620 \+ 67734 67889 65 686 277 670
