= section3.gt 5 5
5 646 \+ 4404 4635 32 88 402 698
5 130 \: 3392 3918 32 88 436 616
5 658 \+ 6773 6809 439 170 385 155
5 132 \: 5495 6454 317 195 68 521
5 657 \+ 6666 6771 317 195 439 182
5 645 \+ 4187 4401 145 202 128 187
5 644 \+ 3920 4184 192 256 145 214
5 643 \+ 3581 3705 118 284 192 268
5 655 \+ 6058 6273 452 285 514 283
5 642 \+ 3392 3578 32 335 118 296
5 654 \+ 5833 6055 383 339 452 297
5 653 \+ 5677 5830 435 394 383 351
5 652 \+ 5574 5674 317 407 435 406
5 641 \+ 3282 3389 32 426 275 413
5 129 \: 2677 3390 32 426 128 187
5 651 \+ 5495 5571 524 475 317 419
5 639 \+ 2951 3072 145 516 157 487
5 650 \+ 5168 5233 568 530 524 487
5 638 \+ 2777 2948 32 596 145 528
5 128 \: 2047 2675 32 596 215 447
5 649 \+ 4938 5166 317 595 568 542
5 131 \: 3920 5493 317 595 414 215
5 647 \+ 4638 4715 402 686 484 670
