= section3.gt 5 3
5 676 \+ 7614 7738 32 73 385 711
5 675 \+ 7531 7611 157 101 32 85
5 674 \+ 7455 7528 32 125 157 113
5 134 \: 7407 7998 32 187 557 657
5 673 \+ 7407 7452 32 187 263 187
5 672 \+ 7178 7404 193 249 193 207
5 671 \+ 7017 7175 226 290 193 261
5 670 \+ 6926 7015 32 304 226 302
5 685 \+ 8694 9004 317 337 545 269
5 669 \+ 6812 6924 32 342 32 316
5 684 \+ 8622 8691 446 400 515 399
5 668 \+ 6773 6809 208 421 119 419
5 683 \+ 8488 8619 317 439 446 412
5 667 \+ 6666 6771 233 448 208 433
5 666 \+ 6456 6663 32 500 233 460
5 133 \: 6456 7405 32 500 193 207
5 682 \+ 8427 8485 498 530 507 528
5 681 \+ 8373 8424 497 543 498 542
5 665 \+ 6276 6453 266 563 68 521
5 680 \+ 8257 8370 488 571 497 555
5 664 \+ 6058 6273 32 604 266 575
5 679 \+ 8000 8255 317 636 488 583
5 135 \: 8000 10769 317 636 559 269
5 663 \+ 5833 6055 277 672 32 616
5 678 \+ 7889 7997 571 672 557 657
5 677 \+ 7741 7886 385 699 571 684
5 662 \+ 5677 5830 32 710 277 684
