= section3.gt 5 6
5 709 \+ 14528 14578 317 73 279 711
5 141 \: 14528 15308 317 73 74 460
5 708 \+ 14271 14527 423 136 565 93
5 698 \+ 12741 12759 225 156 356 711
5 707 \+ 14194 14268 317 160 423 148
5 697 \+ 12562 12738 184 197 225 168
5 696 \+ 12506 12559 189 211 184 209
5 695 \+ 12369 12503 63 238 189 223
5 706 \+ 14092 14192 317 235 550 223
5 694 \+ 12196 12366 32 279 63 250
5 138 \: 12095 13424 32 317 385 548
5 693 \+ 12095 12194 32 317 32 291
5 705 \+ 13916 14090 317 338 336 297
5 140 \: 13916 14527 317 338 565 93
5 704 \+ 13682 13915 352 400 409 358
5 692 \+ 11800 12094 277 407 119 338
5 703 \+ 13510 13679 317 452 352 412
5 691 \+ 11546 11797 108 462 277 419
5 690 \+ 11368 11543 32 514 108 474
5 137 \: 11368 12094 32 514 119 338
5 702 \+ 13425 13508 317 530 483 515
5 139 \: 13425 13915 317 530 409 358
5 701 \+ 13252 13424 316 577 385 548
5 689 \+ 11049 11367 246 604 213 534
5 688 \+ 10955 11046 56 618 246 616
5 700 \+ 12962 13249 540 658 316 589
5 687 \+ 10727 10952 277 686 56 630
5 699 \+ 12762 12959 356 699 540 670
5 686 \+ 10625 10724 32 710 277 698
5 136 \: 10625 11367 32 710 213 534
