= section3.gt 5 5
5 716 \+ 20017 20528 32 76 490 670
5 144 \: 16509 17300 32 76 420 461
5 730 \+ 24473 24651 566 110 150 698
5 729 \+ 23708 24099 433 124 566 122
5 146 \: 18359 20016 317 175 109 412
5 728 \+ 23585 23705 317 175 433 136
5 714 \+ 19390 19713 32 242 204 189
5 143 \: 16151 16467 32 242 264 175
5 726 \+ 23189 23277 414 252 412 237
5 725 \+ 22984 23186 363 266 414 264
5 724 \+ 22871 22982 316 307 363 278
5 723 \+ 22345 22707 414 348 316 319
5 712 \+ 18870 19129 278 373 210 344
5 722 \+ 22072 22343 401 388 414 360
5 710 \+ 18544 18625 32 441 278 385
5 142 \: 15411 16150 32 441 218 263
5 721 \+ 21819 22069 317 443 401 400
5 145 \: 17301 18358 317 443 553 196
5 719 \+ 21288 21455 470 531 347 488
5 718 \+ 21128 21285 317 583 470 543
5 709 \+ 18359 18542 32 590 93 562
5 717 \+ 20678 20940 490 658 578 670
5 708 \+ 18049 18162 278 686 32 602
5 707 \+ 17979 18046 279 699 278 698
