= section3.gt 5 5
5 755 \+ 23427 23547 317 65 113 684
5 151 \: 23427 24305 317 65 139 494
5 743 \+ 20992 21149 32 93 571 711
5 149 \: 20992 22720 32 93 523 269
5 754 \+ 23273 23426 316 101 542 86
5 753 \+ 23127 23271 417 142 316 113
5 742 \+ 20808 20991 281 156 125 114
5 752 \+ 23037 23124 493 169 417 154
5 751 \+ 22833 23034 317 210 493 181
5 741 \+ 20543 20805 32 222 281 168
5 148 \: 20543 20991 32 222 125 114
5 750 \+ 22721 22831 317 248 317 222
5 150 \: 22721 23426 317 248 542 86
5 740 \+ 20396 20542 84 258 270 243
5 749 \+ 22563 22720 514 298 523 269
5 748 \+ 22201 22561 378 380 514 310
5 739 \+ 19885 20394 32 394 84 270
5 147 \: 19885 20542 32 394 270 243
5 738 \+ 19733 19884 171 441 109 412
5 747 \+ 21930 22199 384 448 378 392
5 737 \+ 19585 19731 261 482 171 453
5 746 \+ 21680 21927 456 516 384 460
5 736 \+ 19259 19582 32 550 261 494
5 745 \+ 21321 21677 317 608 456 528
5 735 \+ 19005 19256 128 618 32 562
5 734 \+ 18746 19003 150 686 128 630
5 744 \+ 21152 21319 571 699 536 670
