= section3.gt 5 5
5 779 \+ 28081 28287 567 93 203 698
5 765 \+ 25729 25896 266 102 262 73
5 778 \+ 27916 28078 317 120 567 105
5 764 \+ 25523 25727 32 143 266 114
5 763 \+ 25332 25520 160 197 32 155
5 156 \: 27629 28841 317 200 258 562
5 777 \+ 27629 27914 317 200 317 132
5 762 \+ 25249 25329 32 221 160 209
5 153 \: 25249 25896 32 221 262 73
5 776 \+ 27316 27628 519 290 388 220
5 775 \+ 27176 27313 379 317 519 302
5 761 \+ 24874 25248 151 326 73 243
5 774 \+ 27063 27173 360 344 379 329
5 760 \+ 24676 24871 265 380 151 338
5 773 \+ 26943 27060 564 385 360 356
5 759 \+ 24484 24673 74 421 265 392
5 772 \+ 26774 26940 553 426 564 397
5 771 \+ 26659 26772 317 451 553 438
5 758 \+ 24306 24482 32 473 74 433
5 152 \: 24306 25248 32 473 73 243
5 770 \+ 26510 26657 377 543 553 528
5 769 \+ 26444 26507 317 568 377 555
5 155 \: 26444 27628 317 568 388 220
5 757 \+ 23938 24305 262 577 139 494
5 768 \+ 26319 26443 527 604 572 589
5 767 \+ 26110 26316 566 658 527 616
5 756 \+ 23550 23936 113 672 262 589
5 766 \+ 25897 26107 317 710 566 670
5 154 \: 25897 26443 317 710 572 589
