= intro.gt 2 3
= section1.gt 3 1
3 65 \+ 49 217 317 87 54 698
3 14 \: 49 398 317 87 76 657
2 49 \+ 14318 14576 167 161 137 123
2 55 \+ 0 0 32 238 577 711
2 64 \+ 0 0 502 244 359 202
2 12 \: 13114 14954 32 292 411 344
2 54 \+ 0 0 32 292 32 250
2 63 \+ 0 0 317 324 502 256
2 13 \: 14955 15507 317 324 353 188
2 52 \+ 15260 15445 102 421 85 392
2 61 \+ 0 0 482 427 526 385
2 51 \+ 14955 15257 165 489 102 433
2 60 \+ 0 0 537 495 482 439
2 59 \+ 0 0 544 563 537 507
2 48 \+ 14044 14315 207 611 167 170
2 58 \+ 0 0 396 618 544 575
2 47 \+ 13808 14041 32 649 207 623
2 11 \: 10890 13113 32 649 58 311
2 57 \+ 0 0 371 645 396 630
2 56 \+ 0 0 577 699 371 657
