= section3.gt 5 6
5 787 \+ 37305 37402 101 82 317 698
5 798 \+ 39619 39721 317 102 154 711
5 162 \: 33084 34142 317 102 134 335
5 786 \+ 37075 37302 218 109 101 94
5 159 \: 30628 31466 32 161 379 602
5 785 \+ 36840 37072 32 161 218 121
5 796 \+ 39199 39396 536 217 440 188
5 795 \+ 39047 39108 419 257 536 229
5 794 \+ 38627 39045 554 312 419 269
5 783 \+ 36386 36476 130 319 189 277
5 793 \+ 38510 38624 520 366 554 324
5 782 \+ 36191 36384 226 374 130 331
5 792 \+ 38331 38507 317 388 520 378
5 161 \: 31956 33082 317 388 379 120
5 781 \+ 35863 36045 32 401 226 386
5 158 \: 29744 30626 32 401 62 182
5 779 \+ 35662 35737 32 541 197 515
5 157 \: 29209 29742 32 541 143 419
5 790 \+ 37663 37940 317 584 449 515
5 160 \: 31468 31915 317 584 538 487
5 777 \+ 35418 35606 203 686 233 630
5 788 \+ 37467 37567 317 686 525 670
