= section3.gt 5 3
5 811 \+ 41570 41721 92 92 358 711
5 825 \+ 45536 45681 353 88 557 87
5 810 \+ 41472 41568 32 120 92 104
5 824 \+ 45219 45534 355 143 353 100
5 809 \+ 41246 41469 32 174 32 132
5 823 \+ 44499 44852 317 197 355 155
5 808 \+ 40827 41120 32 212 32 186
5 807 \+ 40645 40825 84 276 118 274
5 822 \+ 44226 44497 431 292 317 209
5 163 \: 33947 34804 32 315 384 698
5 805 \+ 40458 40579 32 315 84 288
5 821 \+ 43623 43795 502 319 431 304
5 820 \+ 43337 43620 317 374 502 331
5 165 \: 35983 37250 317 374 571 73
5 804 \+ 40376 40455 278 436 294 448
5 818 \+ 42850 42967 452 462 553 433
5 817 \+ 42675 42848 363 489 452 474
5 803 \+ 40204 40373 32 504 278 448
5 816 \+ 42485 42672 516 516 363 501
5 815 \+ 42385 42482 518 530 516 528
5 802 \+ 40026 40202 267 544 32 516
5 801 \+ 39816 40023 32 572 267 556
5 814 \+ 42037 42148 426 571 518 542
5 800 \+ 39759 39814 180 645 225 657
5 813 \+ 41942 42035 317 679 426 583
5 164 \: 34805 35982 317 679 428 392
5 799 \+ 39495 39605 154 699 180 657
