= section3.gt 5 4
5 841 \+ 48864 49007 32 72 348 711
5 168 \: 39990 41484 32 72 465 271
5 855 \+ 51474 51590 419 75 72 711
5 854 \+ 51439 51471 431 130 419 87
5 839 \+ 48671 48744 275 149 299 134
5 838 \+ 48328 48401 32 163 275 161
5 853 \+ 51117 51237 504 171 431 142
5 852 \+ 50938 51114 560 198 504 183
5 837 \+ 48122 48325 251 231 32 175
5 169 \: 41486 42625 317 252 109 630
5 851 \+ 50803 50936 317 252 560 210
5 836 \+ 47823 47943 32 283 251 243
5 167 \: 39199 39988 32 283 244 93
5 834 \+ 47502 47649 32 318 62 317
5 849 \+ 50248 50428 317 365 409 298
5 833 \+ 47211 47422 230 427 32 330
5 832 \+ 46972 47209 213 454 230 439
5 831 \+ 46842 46969 186 495 213 466
5 848 \+ 50139 50245 421 495 466 466
5 847 \+ 49964 50137 389 509 421 507
5 846 \+ 49853 49961 317 536 389 521
5 845 \+ 49741 49850 464 563 317 548
5 830 \+ 46694 46839 195 590 186 507
5 844 \+ 49574 49738 408 604 464 575
5 843 \+ 49314 49571 317 645 408 616
5 829 \+ 46579 46691 195 658 195 602
5 828 \+ 46257 46392 277 686 195 670
5 842 \+ 49190 49312 348 699 317 657
5 827 \+ 46120 46254 32 710 277 698
5 166 \: 37467 39197 32 710 187 303
