= section3.gt 5 5
5 878 \+ 56405 56720 521 62 94 684
5 867 \+ 54012 54220 32 80 558 670
5 172 \: 44226 45218 32 80 436 494
5 877 \+ 56227 56402 349 89 521 74
5 174 \: 46319 46708 317 128 94 684
5 876 \+ 56134 56224 317 128 349 101
5 874 \+ 55685 55890 553 218 421 189
5 873 \+ 55441 55516 413 245 553 230
5 865 \+ 53338 53666 86 279 131 250
5 872 \+ 55280 55438 437 353 413 257
5 864 \+ 53037 53078 32 360 86 291
5 171 \: 43337 44204 32 360 182 155
5 871 \+ 55128 55277 529 394 437 365
5 862 \+ 52625 52858 208 462 139 392
5 870 \+ 54955 55126 317 473 529 406
5 173 \: 45219 46318 317 473 509 148
5 861 \+ 52457 52622 157 489 208 474
5 860 \+ 52400 52455 111 530 157 501
5 859 \+ 52085 52176 234 584 111 542
5 858 \+ 51572 51682 32 609 234 596
5 170 \: 42385 43336 32 609 111 379
5 868 \+ 54522 54714 558 658 572 589
5 856 \+ 51306 51478 72 699 67 684
