= section1.gt 3 4
3 76 \+ 2786 3134 183 97 317 684
3 87 \+ 5760 5857 541 107 215 711
3 86 \+ 5273 5641 563 161 541 119
3 75 \+ 2492 2694 189 192 183 109
3 85 \+ 5106 5271 441 188 563 173
3 84 \+ 4819 5103 508 216 441 200
3 74 \+ 2247 2490 203 233 189 204
3 73 \+ 1860 2245 32 273 203 245
3 83 \+ 4405 4620 508 297 508 228
3 18 \: 3497 4818 317 335 106 657
3 81 \+ 4063 4189 317 335 508 309
3 16 \: 1226 2785 32 352 440 616
3 72 \+ 1695 1857 32 352 32 285
3 70 \+ 1226 1486 272 497 135 455
3 80 \+ 3964 4060 497 503 403 501
3 69 \+ 674 862 32 536 272 509
3 79 \+ 3642 3961 317 596 497 515
3 17 \: 2786 3496 317 596 519 356
3 68 \+ 518 671 125 611 84 610
3 67 \+ 471 516 32 639 125 623
3 15 \: 399 1225 32 639 282 373
3 77 \+ 3136 3172 317 672 529 643
