= section4.gt 6 5
6 905 \+ 7272 7611 371 68 213 698
6 894 \+ 3615 3902 276 102 267 87
6 893 \+ 3487 3613 167 156 276 114
6 225 \: 5475 6538 317 164 163 548
6 904 \+ 6950 7269 317 164 371 80
6 892 \+ 3223 3334 31 211 167 168
6 902 \+ 6540 6626 368 265 567 236
6 891 \+ 2972 3220 210 279 31 223
6 901 \+ 5942 6288 317 279 368 277
6 222 \: 2215 3485 32 344 444 698
6 890 \+ 2720 2970 32 344 210 291
6 900 \+ 5806 5939 471 415 317 291
6 888 \+ 2215 2471 133 475 299 419
6 899 \+ 5475 5803 317 480 471 427
6 224 \: 4253 5473 317 480 444 182
6 887 \+ 1716 2028 73 530 133 487
6 886 \+ 1485 1713 272 584 73 542
6 885 \+ 1304 1482 32 623 272 596
6 221 \: 1147 2213 32 623 107 365
6 897 \+ 5011 5079 409 639 475 583
6 896 \+ 4493 5009 317 677 409 651
6 223 \: 3487 4251 317 677 568 501
