= section4.gt 6 3
6 924 \+ 12874 13065 430 75 32 684
6 923 \+ 12411 12640 317 183 430 87
6 922 \+ 12071 12408 400 251 317 195
6 912 \+ 9712 9817 218 258 83 134
6 921 \+ 11867 12068 317 319 400 263
6 911 \+ 9187 9489 160 339 218 270
6 228 \: 9712 11656 317 360 287 548
6 920 \+ 11783 11864 317 360 317 331
6 910 \+ 8889 9185 216 421 160 351
6 918 \+ 11240 11514 411 489 551 433
6 909 \+ 8732 8886 227 503 216 433
6 226 \: 6540 8412 32 528 387 711
6 908 \+ 8493 8729 32 528 227 515
6 917 \+ 11039 11237 511 571 411 501
6 916 \+ 10838 11036 569 611 511 583
6 915 \+ 10370 10836 467 666 569 623
6 906 \+ 7613 8125 213 686 267 616
6 914 \+ 10116 10367 317 691 467 678
6 227 \: 8414 9710 317 691 521 379
