= section4.gt 6 3
6 936 \+ 15816 16021 128 89 550 627
6 945 \+ 18136 18801 427 106 516 104
6 935 \+ 15772 15813 205 116 128 101
6 230 \: 12874 14545 32 168 572 355
6 934 \+ 15439 15516 32 168 205 128
6 944 \+ 17998 18133 486 174 427 118
6 943 \+ 17466 17797 339 228 486 186
6 942 \+ 17323 17463 461 269 339 240
6 932 \+ 14921 15166 193 286 229 243
6 231 \: 14547 15770 317 335 114 684
6 941 \+ 17066 17320 317 335 461 281
6 931 \+ 14789 14918 183 421 193 298
6 930 \+ 14547 14787 277 475 183 433
6 929 \+ 13783 14247 116 489 277 487
6 939 \+ 16612 16855 372 520 479 423
6 928 \+ 13715 13780 32 528 116 501
6 229 \: 11658 12872 32 528 274 189
6 938 \+ 16313 16487 316 534 372 532
6 937 \+ 16023 16310 550 615 316 546
6 926 \+ 13163 13429 179 631 173 575
6 925 \+ 13068 13161 32 672 179 643
