= section4.gt 6 5
6 961 \+ 17760 17895 32 79 434 698
6 234 \: 17760 19229 32 79 517 385
6 968 \+ 20253 20570 317 100 276 684
6 236 \: 20253 21524 317 100 249 453
6 960 \+ 17567 17759 148 143 86 100
6 959 \+ 17236 17564 144 224 148 155
6 967 \+ 19714 20252 515 244 446 120
6 958 \+ 17096 17233 268 265 144 236
6 957 \+ 16841 17093 104 319 268 277
6 966 \+ 19230 19712 317 364 515 256
6 235 \: 19230 20252 317 364 446 120
6 956 \+ 16640 16839 166 374 104 331
6 965 \+ 19129 19229 566 400 517 385
6 955 \+ 16398 16637 32 439 166 386
6 233 \: 16398 17759 32 439 86 100
6 964 \+ 18837 19126 550 468 566 412
6 954 \+ 16278 16397 66 475 98 460
6 963 \+ 18562 18834 316 522 550 480
6 953 \+ 16103 16275 267 530 66 487
6 952 \+ 15815 16100 201 598 267 542
6 951 \+ 15615 15813 255 652 201 610
6 950 \+ 15571 15612 32 664 255 664
6 232 \: 15571 16397 32 664 98 460
6 962 \+ 17898 18560 434 686 316 534
