= section4.gt 6 4
6 976 \+ 29089 29099 191 88 389 684
6 975 \+ 28875 29086 78 115 191 100
6 984 \+ 30625 30858 502 143 243 711
6 983 \+ 30485 30622 552 170 502 155
6 238 \: 22675 24223 32 181 550 466
6 974 \+ 28691 28872 32 181 78 127
6 240 \: 25075 26558 317 236 188 534
6 982 \+ 30401 30483 317 236 552 182
6 972 \+ 28134 28481 32 339 84 283
6 980 \+ 29642 30057 475 353 508 297
6 971 \+ 27616 27824 32 432 32 351
6 237 \: 21675 22674 32 432 178 202
6 979 \+ 29431 29639 317 446 475 365
6 239 \: 24224 25074 317 446 564 256
6 969 \+ 27086 27418 123 522 129 480
6 968 \+ 26921 27083 93 604 123 534
6 967 \+ 26812 26918 185 631 93 616
6 966 \+ 26559 26809 276 672 185 643
6 977 \+ 29101 29338 389 672 344 575
