= section4.gt 6 4
6 1004 \+ 35366 35472 532 114 117 670
6 244 \: 29431 30279 317 167 125 616
6 1002 \+ 35102 35242 317 167 532 126
6 993 \+ 33551 33694 177 238 121 195
6 992 \+ 33426 33548 32 262 177 250
6 242 \: 27533 28098 32 262 118 127
6 1001 \+ 34947 35099 416 277 566 276
6 1000 \+ 34897 34945 317 345 416 289
6 990 \+ 33030 33307 166 380 119 311
6 989 \+ 32300 32651 175 421 166 392
6 988 \+ 31964 32297 161 448 175 433
6 999 \+ 34624 34894 439 468 495 480
6 987 \+ 31803 31961 32 513 161 460
6 241 \: 26559 27532 32 513 118 283
6 998 \+ 34380 34621 470 522 439 480
6 997 \+ 34370 34378 378 563 470 534
6 996 \+ 34180 34368 453 618 378 575
6 985 \+ 31076 31273 243 699 105 657
6 995 \+ 33812 34063 317 710 453 630
6 243 \: 28134 29430 317 710 571 276
