= section4.gt 6 5
6 1029 \+ 34568 34810 465 88 510 100
6 1017 \+ 32135 32471 32 100 316 711
6 247 \: 31974 33209 32 100 397 453
6 1016 \+ 31974 32132 191 136 123 120
6 249 \: 34367 36000 317 140 79 256
6 1028 \+ 34557 34565 317 140 465 100
6 1027 \+ 34367 34555 432 176 436 161
6 1026 \+ 34249 34364 317 231 432 188
6 1015 \+ 31875 31971 235 244 191 148
6 1025 \+ 33996 34247 317 258 317 243
6 1014 \+ 31441 31872 32 297 235 256
6 246 \: 31241 31972 32 297 123 120
6 1024 \+ 33881 33993 431 299 317 270
6 1023 \+ 33735 33878 364 326 431 311
6 1022 \+ 33609 33732 341 353 364 338
6 1013 \+ 31241 31438 235 359 201 317
6 1012 \+ 31022 31238 188 414 235 371
6 1021 \+ 33491 33606 317 432 341 365
6 248 \: 33211 34365 317 432 436 161
6 1011 \+ 30787 31020 32 453 188 426
6 1020 \+ 33211 33489 454 536 397 453
6 1010 \+ 30646 30784 32 557 220 555
6 1009 \+ 30559 30643 32 595 32 569
6 245 \: 30438 31239 32 595 201 317
6 1019 \+ 32831 33208 317 618 454 548
6 1008 \+ 30438 30556 122 658 125 616
6 1018 \+ 32474 32829 316 699 317 630
