= section1.gt 3 5
3 113 \+ 11687 11873 316 82 128 698
3 112 \+ 11430 11684 427 109 316 94
3 100 \+ 7939 8096 194 115 90 100
3 99 \+ 7796 7936 275 143 194 127
3 23 \: 9175 10687 317 161 180 439
3 111 \+ 11151 11427 317 161 427 121
3 98 \+ 7664 7793 98 211 275 155
3 97 \+ 7463 7661 229 238 98 223
3 96 \+ 7322 7461 168 265 229 250
3 95 \+ 7136 7319 194 319 168 277
3 94 \+ 6861 6949 274 374 194 331
3 109 \+ 10688 10913 317 385 504 263
3 22 \: 8306 9174 317 385 448 182
3 20 \: 5760 7135 32 398 481 711
3 93 \+ 6770 6859 32 398 274 386
3 107 \+ 9794 10138 432 489 430 460
3 91 \+ 6388 6467 32 516 240 447
3 106 \+ 9704 9791 556 530 432 501
3 90 \+ 6268 6385 32 557 32 528
3 105 \+ 9630 9701 454 557 556 542
3 104 \+ 9451 9627 552 611 454 569
3 89 \+ 6055 6265 32 639 32 569
3 19 \: 4819 5759 32 639 284 419
3 103 \+ 9360 9448 418 639 552 623
3 102 \+ 9175 9358 317 691 418 651
3 21 \: 7136 8305 317 691 422 406
