= section4.gt 6 3
6 1047 \+ 48801 48888 448 79 80 698
6 252 \: 38480 39963 317 117 268 412
6 1046 \+ 48674 48798 317 117 448 91
6 1037 \+ 45435 45564 166 143 298 141
6 1036 \+ 45227 45433 293 197 166 155
6 250 \: 36002 37367 32 236 393 430
6 1035 \+ 44936 45047 32 236 293 209
6 1044 \+ 47929 48250 516 289 411 220
6 1033 \+ 44613 44868 158 353 129 338
6 1032 \+ 44387 44611 111 380 158 365
6 1043 \+ 47320 47927 317 409 516 301
6 251 \: 37369 38478 317 409 414 138
6 1031 \+ 43816 44216 254 421 111 392
6 1030 \+ 43583 43813 32 459 254 433
6 1029 \+ 43282 43580 96 554 64 552
6 1041 \+ 46547 46874 462 554 583 525
6 1040 \+ 46256 46357 527 581 462 566
6 1039 \+ 45792 46254 546 608 527 593
6 1028 \+ 42780 43072 154 622 96 566
6 1038 \+ 45567 45789 317 647 546 620
6 1027 \+ 42458 42777 32 687 154 634
