= section4.gt 6 4
6 1060 \+ 41247 41567 166 88 351 711
6 1069 \+ 43816 44216 510 102 267 711
6 254 \: 40932 42456 32 140 414 412
6 1059 \+ 41107 41244 32 140 166 100
6 256 \: 43282 44385 317 181 87 562
6 1068 \+ 43583 43813 317 181 510 114
6 1058 \+ 40932 41104 91 203 138 161
6 1067 \+ 43282 43580 333 231 504 202
6 1057 \+ 40699 40929 137 271 91 215
6 1066 \+ 43074 43279 571 312 333 243
6 1056 \+ 40425 40696 32 392 137 283
6 253 \: 39965 40930 32 392 138 161
6 1065 \+ 42780 43072 317 394 571 324
6 255 \: 42458 43280 317 394 504 202
6 1055 \+ 39965 40423 56 427 268 412
6 1064 \+ 42458 42777 387 454 414 412
6 1054 \+ 39805 39962 253 468 56 439
6 1063 \+ 42232 42455 415 563 387 466
6 1053 \+ 39676 39802 208 577 253 480
6 1062 \+ 41803 42229 561 631 415 575
6 1052 \+ 39230 39674 62 645 208 589
6 1051 \+ 38928 39227 80 686 62 657
6 1061 \+ 41569 41801 351 699 561 643
