= section4.gt 6 4
6 1087 \+ 47678 47936 316 61 248 657
6 258 \: 44680 45981 32 99 496 439
6 260 \: 46748 47936 317 221 134 589
6 1076 \+ 44680 44881 273 268 299 239
6 1075 \+ 44507 44679 32 293 273 280
6 1085 \+ 46748 47354 446 299 549 243
6 1084 \+ 46449 46747 316 326 446 311
6 1074 \+ 44395 44504 224 421 256 419
6 259 \: 45982 46747 317 421 549 243
6 1082 \+ 45982 46306 434 468 496 439
6 1073 \+ 44331 44393 81 475 224 433
6 1081 \+ 45797 45981 498 495 434 480
6 257 \: 43854 44679 32 541 299 239
6 1071 \+ 43854 44076 66 590 87 562
6 1080 \+ 45693 45794 317 604 498 507
6 1079 \+ 45232 45691 352 658 317 616
6 1070 \+ 43687 43853 267 699 66 602
6 1078 \+ 45015 45229 573 699 352 670
