= section4.gt 6 4
6 1097 \+ 49762 50069 152 74 426 670
6 1107 \+ 52167 52273 434 96 150 670
6 1106 \+ 51841 52166 464 123 434 108
6 1096 \+ 49491 49761 257 128 152 86
6 1095 \+ 49295 49488 32 169 257 140
6 264 \: 51542 52166 317 175 150 670
6 1105 \+ 51742 51838 317 175 464 135
6 1094 \+ 49082 49292 120 210 32 181
6 1104 \+ 51542 51739 499 251 463 195
6 1093 \+ 48930 49079 217 278 120 222
6 1103 \+ 51270 51541 427 292 499 263
6 1092 \+ 48669 48927 32 371 217 290
6 1102 \+ 51089 51268 317 374 427 304
6 263 \: 50798 51541 317 374 463 195
6 1101 \+ 50798 51087 354 407 357 392
6 1091 \+ 48305 48667 73 489 238 487
6 1100 \+ 50690 50797 409 503 354 419
6 1090 \+ 48218 48303 275 530 73 501
6 261 \: 47937 49761 32 571 426 670
6 1089 \+ 48091 48215 32 571 275 542
6 1099 \+ 50326 50687 455 571 409 515
6 1088 \+ 47937 48088 248 645 134 589
6 1098 \+ 50072 50323 317 650 455 583
6 262 \: 49762 50797 317 650 357 392
