= section4.gt 6 4
6 1125 \+ 56660 56875 317 84 256 698
6 1118 \+ 55219 55583 277 101 488 684
6 267 \: 54684 55965 32 155 566 507
6 1117 \+ 54901 55216 32 155 277 113
6 1116 \+ 54684 54898 240 270 154 173
6 1115 \+ 54245 54681 90 352 240 282
6 1124 \+ 56449 56657 395 367 469 379
6 1123 \+ 56432 56447 469 407 395 379
6 1114 \+ 53881 54242 32 418 90 364
6 266 \: 53651 54682 32 418 154 173
6 1122 \+ 56282 56429 499 448 469 419
6 1113 \+ 53651 53878 239 467 287 438
6 1121 \+ 56119 56280 317 487 499 460
6 268 \: 55967 57940 317 487 197 385
6 1112 \+ 53470 53648 261 508 239 479
6 1111 \+ 53309 53468 171 521 261 520
6 1110 \+ 53250 53307 217 562 171 533
6 1120 \+ 55967 56116 392 577 566 507
6 1109 \+ 53107 53248 54 603 217 574
6 1108 \+ 52906 53104 32 644 54 615
6 265 \: 52796 53649 32 644 287 438
6 1119 \+ 55587 55964 488 672 392 589
