= section4.gt 6 4
6 1137 \+ 72923 73003 32 72 373 670
6 270 \: 58770 59644 32 72 509 521
6 1147 \+ 74843 75037 404 91 299 711
6 1146 \+ 74590 74840 317 130 404 103
6 1135 \+ 72500 72767 226 231 137 161
6 272 \: 60212 60952 317 243 287 630
6 1145 \+ 74410 74587 317 243 423 231
6 1134 \+ 72311 72497 215 258 226 243
6 1133 \+ 72118 72309 277 299 215 270
6 1132 \+ 71668 71772 240 312 277 311
6 1143 \+ 73854 74289 317 320 557 291
6 1131 \+ 71456 71665 32 364 240 324
6 269 \: 57632 58769 32 364 169 93
6 1142 \+ 73724 73852 397 462 444 433
6 1141 \+ 73557 73721 317 500 397 474
6 271 \: 59645 60211 317 500 565 264
6 1129 \+ 70999 71236 286 522 190 439
6 1128 \+ 70169 70237 247 536 286 534
6 1126 \+ 69480 69935 32 563 241 575
6 1127 \+ 69937 70166 241 563 247 548
6 1125 \+ 68816 69236 289 604 32 575
6 1139 \+ 73286 73383 500 618 435 575
6 1124 \+ 68733 68814 243 631 289 616
6 1138 \+ 73005 73064 373 658 500 630
6 1123 \+ 68471 68730 256 686 243 643
