= section4.gt 6 5
6 1161 \+ 63399 63589 84 68 470 684
6 1169 \+ 65461 65685 433 118 437 76
6 275 \: 63052 63590 32 161 470 684
6 1160 \+ 63052 63397 32 161 84 80
6 1168 \+ 65312 65458 496 159 433 130
6 1159 \+ 62888 63049 187 211 151 182
6 1167 \+ 64974 65309 454 241 496 171
6 1158 \+ 62479 62885 81 306 187 223
6 1166 \+ 64705 64972 471 309 454 253
6 1157 \+ 62305 62477 32 358 81 318
6 274 \: 62305 63050 32 358 151 182
6 1165 \+ 64451 64703 317 388 471 321
6 277 \: 64451 65686 317 388 437 76
6 1156 \+ 62054 62302 207 421 287 379
6 1155 \+ 61912 62051 67 448 207 433
6 1154 \+ 61792 61909 32 475 67 460
6 1164 \+ 64063 64448 369 492 374 409
6 1153 \+ 61572 61790 31 530 32 487
6 1163 \+ 63750 64060 404 574 369 504
6 1152 \+ 61291 61569 32 609 31 542
6 273 \: 61291 62303 32 609 287 379
6 1162 \+ 63628 63748 317 609 404 586
6 276 \: 63628 64449 317 609 374 409
6 1151 \+ 60955 61288 32 686 287 630
