= section4.gt 6 5
6 1182 \+ 67262 67596 67 75 428 657
6 1191 \+ 69425 69654 477 95 32 684
6 1181 \+ 67095 67259 284 129 67 87
6 1180 \+ 66982 67092 235 156 284 141
6 282 \: 68972 70065 317 215 166 589
6 1190 \+ 68972 69423 317 215 477 107
6 1179 \+ 66716 66979 285 224 235 168
6 280 \: 66615 67596 32 249 428 657
6 1178 \+ 66615 66713 32 249 285 236
6 1189 \+ 68733 68971 454 278 538 236
6 1177 \+ 66391 66614 180 312 254 270
6 1176 \+ 66156 66388 147 367 180 324
6 1188 \+ 68312 68730 317 385 454 290
6 1175 \+ 65956 66154 251 421 147 379
6 1174 \+ 65793 65953 231 462 251 433
6 1187 \+ 68229 68310 542 475 392 460
6 1173 \+ 65599 65790 32 514 231 474
6 279 \: 65599 66614 32 514 254 270
6 1186 \+ 67973 68226 570 543 542 487
6 1185 \+ 67756 67971 317 584 570 555
6 1172 \+ 65312 65598 203 590 284 534
6 1184 \+ 67667 67753 407 611 317 596
6 1171 \+ 65177 65309 84 618 203 602
6 1183 \+ 67597 67664 317 636 407 623
6 281 \: 67597 68971 317 636 538 236
6 1170 \+ 64849 65174 32 710 84 630
6 278 \: 64849 65598 32 710 284 534
