= section4.gt 6 4
6 1207 \+ 91562 91878 457 101 226 657
6 1206 \+ 91137 91560 343 128 457 113
6 1205 \+ 90888 91134 317 169 343 140
6 1204 \+ 90600 90885 542 223 317 181
6 286 \: 73702 75698 317 248 223 412
6 1203 \+ 90196 90266 317 248 542 235
6 1194 \+ 88322 88371 71 279 59 263
6 1193 \+ 87826 88319 113 333 71 291
6 1201 \+ 89868 90141 317 336 391 323
6 1192 \+ 87479 87823 147 387 113 345
6 1200 \+ 89625 89865 349 384 466 382
6 1199 \+ 89475 89622 431 425 349 396
6 284 \: 71392 72516 32 453 392 698
6 1191 \+ 87330 87476 32 453 147 399
6 1198 \+ 89330 89472 437 493 431 437
6 1196 \+ 89025 89194 317 545 437 505
6 283 \: 70970 71390 32 568 252 474
6 1189 \+ 86703 86913 32 672 112 670
6 1195 \+ 88719 89023 317 679 481 637
6 285 \: 72518 73700 317 679 368 268
