= section4.gt 6 4
6 1235 \+ 78382 78561 317 86 132 698
6 290 \: 78382 79028 317 86 246 589
6 1224 \+ 75781 76136 234 115 409 684
6 1223 \+ 75642 75778 88 143 234 127
6 1234 \+ 78162 78381 351 149 364 107
6 288 \: 75524 76894 32 181 421 494
6 1222 \+ 75524 75639 32 181 88 155
6 1233 \+ 77962 78159 448 203 351 161
6 1221 \+ 75370 75523 74 217 257 202
6 1220 \+ 75269 75367 110 244 74 229
6 1232 \+ 77803 77959 483 244 448 215
6 1219 \+ 75195 75266 277 271 110 256
6 1218 \+ 74930 75193 256 339 277 283
6 1231 \+ 77441 77800 562 339 483 256
6 1217 \+ 74717 74927 32 392 256 351
6 287 \: 74717 75523 32 392 257 202
6 1230 \+ 77163 77438 316 394 562 351
6 1229 \+ 77055 77160 345 421 316 406
6 1216 \+ 74483 74716 147 454 223 412
6 1228 \+ 76895 77053 317 475 345 433
6 289 \: 76895 78381 317 475 364 107
6 1215 \+ 74286 74480 32 495 147 466
6 1227 \+ 76683 76894 421 536 421 494
6 1214 \+ 74035 74283 118 563 32 507
6 1213 \+ 73855 74032 32 604 118 575
6 1212 \+ 73738 73852 226 645 32 616
6 1226 \+ 76250 76680 437 645 421 548
6 1225 \+ 76139 76247 409 672 437 657
