= section1.gt 3 4
3 135 \+ 16524 16634 317 112 98 711
3 123 \+ 14224 14424 266 176 110 134
3 134 \+ 16251 16522 383 178 539 190
3 133 \+ 16070 16249 402 219 383 190
3 122 \+ 13993 14221 32 231 266 188
3 27 \: 13677 14743 317 255 237 589
3 132 \+ 15920 16067 317 255 402 231
3 121 \+ 13962 13991 54 299 32 243
3 120 \+ 13804 13960 32 353 54 311
3 119 \+ 13677 13801 32 419 32 365
3 24 \: 10688 12144 32 419 287 79
3 130 \+ 15436 15548 317 432 461 392
3 26 \: 13267 13640 317 432 507 351
3 117 \+ 12658 12952 199 563 77 534
3 128 \+ 15098 15220 374 577 432 521
3 127 \+ 14952 15096 387 631 374 589
3 116 \+ 12432 12655 106 645 199 575
3 126 \+ 14857 14950 392 658 387 643
3 115 \+ 12317 12429 204 672 106 657
3 114 \+ 12145 12314 128 686 204 684
3 125 \+ 14744 14855 317 710 392 670
3 25 \: 12145 13266 317 710 567 453
