= section4.gt 6 6
6 1247 \+ 81833 82021 132 76 523 698
6 1246 \+ 81673 81830 121 116 132 88
6 1256 \+ 84096 84326 536 120 183 657
6 294 \: 81548 82175 32 155 455 657
6 1245 \+ 81548 81671 32 155 121 128
6 1255 \+ 83909 84092 469 161 527 132
6 1254 \+ 83782 83906 416 188 469 173
6 1244 \+ 81389 81545 169 204 163 176
6 296 \: 83601 85011 317 241 130 548
6 1253 \+ 83601 83779 317 241 416 200
6 1243 \+ 81128 81387 215 272 169 216
6 1252 \+ 83325 83598 491 317 485 261
6 1242 \+ 80924 81125 32 327 215 284
6 293 \: 80924 81546 32 327 163 176
6 1251 \+ 83097 83322 501 371 491 329
6 1241 \+ 80592 80921 78 415 73 345
6 1240 \+ 80421 80589 32 467 78 427
6 292 \: 80421 80922 32 467 73 345
6 1239 \+ 80256 80418 153 516 157 487
6 1250 \+ 82442 83094 358 521 501 383
6 1238 \+ 80062 80253 32 571 153 528
6 291 \: 80062 80419 32 571 157 487
6 1249 \+ 82213 82439 317 584 358 533
6 295 \: 82213 83599 317 584 485 261
6 1237 \+ 79768 80059 201 645 246 589
6 1236 \+ 79587 79765 132 686 201 657
6 1248 \+ 82024 82174 523 686 455 657
