= section4.gt 6 3
6 1264 \+ 109297 109550 83 88 342 698
6 1274 \+ 112891 113052 438 95 32 711
6 1273 \+ 112518 112888 368 122 438 107
6 298 \: 86011 88239 32 153 376 262
6 1263 \+ 109105 109295 32 153 83 100
6 1272 \+ 112346 112515 400 163 368 134
6 299 \: 88240 90115 317 241 207 323
6 1271 \+ 112104 112344 317 241 400 175
6 1261 \+ 108222 108462 111 299 299 270
6 1269 \+ 111673 111862 373 346 355 344
6 1260 \+ 108059 108219 215 394 111 311
6 1259 \+ 107661 108057 161 435 215 406
6 1268 \+ 111432 111671 343 468 373 358
6 1258 \+ 107486 107658 177 489 161 447
6 1257 \+ 107261 107483 32 530 177 501
6 297 \: 84551 86010 32 530 272 175
6 1267 \+ 111249 111429 316 550 343 480
6 1255 \+ 106760 106987 87 563 61 548
6 1254 \+ 106541 106757 58 590 87 575
6 1266 \+ 110772 110988 437 590 316 562
6 1253 \+ 106185 106439 183 645 58 602
6 1265 \+ 110295 110770 342 686 437 602
