= section4.gt 6 2
6 1284 \+ 115393 115420 156 60 456 643
6 1294 \+ 117827 118080 502 122 527 79
6 1283 \+ 115205 115391 194 169 156 72
6 1282 \+ 114787 115088 59 223 194 181
6 1293 \+ 117779 117825 536 231 502 134
6 1292 \+ 117683 117776 364 244 536 243
6 1291 \+ 116669 116950 574 271 364 256
6 300 \: 90116 92067 32 302 493 480
6 1281 \+ 114495 114784 32 302 59 235
6 1290 \+ 116246 116666 433 339 574 283
6 1289 \+ 116237 116244 528 407 433 351
6 1279 \+ 114013 114333 32 417 260 404
6 301 \: 92068 93863 317 460 66 670
6 1288 \+ 115928 116235 317 460 528 419
6 1278 \+ 113869 114011 32 536 269 548
6 1286 \+ 115571 115692 436 590 481 534
6 1277 \+ 113734 113867 64 604 32 548
6 1285 \+ 115423 115568 456 631 436 602
6 1276 \+ 113539 113731 217 672 64 616
6 1275 \+ 113054 113368 32 699 217 684
