= section4.gt 6 3
6 1309 \+ 122439 122598 490 76 171 698
6 1308 \+ 121438 121530 339 103 490 88
6 1301 \+ 119779 119927 32 152 494 698
6 1300 \+ 119425 119675 72 272 222 230
6 1307 \+ 121284 121435 544 280 339 115
6 303 \: 95374 96810 32 324 482 562
6 1299 \+ 119260 119422 32 324 72 284
6 1306 \+ 121008 121281 363 373 544 292
6 1305 \+ 120779 121005 317 441 363 385
6 1304 \+ 120486 120691 404 503 572 515
6 1303 \+ 120297 120484 317 541 404 515
6 304 \: 96812 99824 317 541 230 291
6 1297 \+ 119064 119161 32 561 207 453
6 1296 \+ 118844 119061 32 650 98 623
6 302 \: 94364 95372 32 650 146 345
