= section4.gt 6 2
6 1320 \+ 100190 100234 32 89 572 711
6 1328 \+ 101835 102303 383 140 81 670
6 1319 \+ 99826 100187 226 178 179 176
6 1327 \+ 101518 101832 543 262 383 152
6 305 \: 99826 100400 32 271 572 711
6 1318 \+ 99599 99823 32 271 226 190
6 1317 \+ 99261 99596 180 334 230 291
6 1326 \+ 101217 101516 317 330 543 274
6 1316 \+ 98858 99258 136 415 180 346
6 1325 \+ 100919 101214 467 412 317 342
6 1324 \+ 100756 100917 533 453 467 424
6 1323 \+ 100659 100753 534 494 533 465
6 1315 \+ 98328 98855 70 510 136 427
6 1322 \+ 100402 100656 317 519 534 506
6 1314 \+ 98192 98325 171 686 70 522
6 306 \: 100402 102518 317 691 81 670
6 1321 \+ 100237 100399 317 691 548 637
