= section4.gt 6 3
6 1332 \+ 131233 131430 81 75 561 670
6 1340 \+ 133236 133363 317 106 284 711
6 309 \: 107091 109417 317 106 287 194
6 308 \: 104581 107064 32 127 410 181
6 1331 \+ 131030 131230 32 127 81 87
6 1338 \+ 132761 133017 422 250 583 208
6 1337 \+ 132674 132759 428 278 422 262
6 1336 \+ 132350 132672 371 346 428 290
6 1329 \+ 130418 130704 90 353 260 229
6 1328 \+ 130004 130416 106 448 90 365
6 1335 \+ 132196 132348 356 454 371 358
6 1327 \+ 129752 130001 90 530 106 460
6 1334 \+ 131843 132194 539 577 356 466
6 1326 \+ 128807 128966 176 598 90 542
6 1325 \+ 128696 128804 32 649 176 610
6 307 \: 102520 104579 32 649 81 147
6 1333 \+ 131712 131841 561 658 539 589
