= section4.gt 6 3
6 1354 \+ 109419 109665 266 108 424 711
6 1363 \+ 112254 112445 448 156 179 698
6 310 \: 109419 110865 32 174 363 589
6 1353 \+ 109022 109416 32 174 266 120
6 1362 \+ 112011 112252 316 197 448 168
6 1361 \+ 111828 112008 420 265 316 209
6 1352 \+ 108779 109019 266 278 287 194
6 312 \: 111828 112562 317 317 179 698
6 1360 \+ 111567 111825 317 317 420 277
6 1351 \+ 108615 108776 185 332 266 290
6 1350 \+ 108217 108613 182 373 185 344
6 1359 \+ 111347 111565 562 394 471 338
6 1358 \+ 110867 111345 560 448 562 406
6 1349 \+ 108042 108214 135 468 182 385
6 1348 \+ 107816 108039 72 509 135 480
6 1347 \+ 107542 107813 64 563 72 521
6 1357 \+ 110631 110864 317 571 560 460
6 311 \: 110867 111826 317 571 471 338
6 1346 \+ 107311 107540 88 631 64 575
6 1356 \+ 109863 110116 554 645 363 589
6 1345 \+ 107091 107308 284 699 88 643
6 1355 \+ 109668 109861 424 699 540 657
