= section4.gt 6 3
6 1375 \+ 113252 113571 101 61 317 684
6 1387 \+ 115468 115883 527 74 272 670
6 1374 \+ 113108 113250 176 156 101 73
6 1386 \+ 115459 115466 317 180 527 86
6 1373 \+ 112974 113106 281 197 176 168
6 1372 \+ 112781 112971 161 224 281 209
6 1385 \+ 115152 115457 557 244 340 243
6 314 \: 112781 114438 32 276 487 521
6 1384 \+ 114923 115149 382 312 557 256
6 1370 \+ 112297 112611 154 326 148 297
6 1383 \+ 114802 114921 504 380 382 324
6 1369 \+ 112134 112295 230 407 154 338
6 1382 \+ 114654 114799 386 407 504 392
6 1368 \+ 111763 112131 225 448 230 419
6 1380 \+ 114439 114622 377 448 510 460
6 1381 \+ 114624 114651 510 448 386 419
6 315 \: 114439 116881 317 500 286 670
6 1378 \+ 114024 114323 487 536 487 521
6 1367 \+ 111592 111760 256 543 225 460
6 1366 \+ 111351 111590 197 584 256 555
6 1377 \+ 113733 114021 354 604 487 548
6 1365 \+ 111226 111348 107 639 197 596
6 1376 \+ 113573 113731 317 672 354 616
6 313 \: 111226 112780 32 677 148 297
