= section4.gt 6 5
6 1404 \+ 0 0 316 168 285 684
6 320 \: 121792 124258 317 222 184 453
6 1403 \+ 0 0 317 222 316 180
6 1394 \+ 0 0 214 238 473 711
6 317 \: 119148 119662 32 276 395 648
6 1393 \+ 0 0 32 276 214 250
6 1402 \+ 0 0 538 337 447 322
6 1391 \+ 0 0 133 367 299 324
6 1401 \+ 0 0 351 365 538 349
6 1390 \+ 0 0 130 407 133 379
6 1389 \+ 0 0 200 435 130 419
6 1400 \+ 0 0 395 433 351 377
6 1388 \+ 0 0 274 462 190 447
6 1399 \+ 0 0 317 499 395 445
6 319 \: 120140 121791 317 499 345 241
6 1387 \+ 0 0 261 516 274 474
6 1386 \+ 0 0 104 543 261 528
6 1397 \+ 0 0 481 575 425 533
6 1385 \+ 0 0 179 611 104 555
6 1384 \+ 0 0 215 625 179 623
6 1396 \+ 0 0 317 627 481 587
6 318 \: 119663 120139 317 627 550 519
6 1383 \+ 0 0 32 650 215 637
6 316 \: 117683 119147 32 650 227 297
