= section4.gt 6 5
6 1427 \+ 126404 126522 401 76 32 684
6 325 \: 126404 127594 317 114 116 321
6 1425 \+ 125751 126097 392 191 529 135
6 1418 \+ 123890 124091 71 244 378 643
6 324 \: 125751 126403 317 284 529 135
6 1417 \+ 123542 123888 162 299 71 256
6 1423 \+ 125340 125483 493 360 455 304
6 1416 \+ 123393 123540 32 380 162 311
6 1422 \+ 125123 125338 549 401 493 372
6 321 \: 123393 124491 32 432 378 643
6 323 \: 125123 125750 317 453 455 304
6 1414 \+ 121895 122125 79 482 184 453
6 1420 \+ 124492 124798 547 543 494 474
6 1413 \+ 121705 121893 236 550 65 494
6 1412 \+ 121390 121703 140 590 236 562
6 322 \: 124492 125122 317 625 494 474
6 1411 \+ 121112 121388 285 672 140 602
