= section1.gt 3 4
3 159 \+ 18541 19126 317 118 203 630
3 31 \: 18541 19871 317 118 205 453
3 149 \+ 16152 16334 250 149 81 107
3 29 \: 16002 16965 32 188 457 539
3 148 \+ 16002 16149 32 188 250 161
3 158 \+ 18223 18538 486 208 428 138
3 147 \+ 15786 15999 192 251 166 208
3 157 \+ 18058 18221 478 248 486 220
3 146 \+ 15628 15783 165 292 192 263
3 156 \+ 17834 18055 462 303 478 260
3 145 \+ 15513 15626 104 319 165 304
3 144 \+ 15299 15511 142 373 104 331
3 155 \+ 17455 17831 539 398 462 315
3 143 \+ 15174 15296 32 412 142 385
3 154 \+ 17283 17452 496 439 539 410
3 142 \+ 15028 15172 289 516 193 487
3 153 \+ 16967 17281 317 520 496 451
3 30 \: 16967 18539 317 520 428 138
3 141 \+ 14932 15026 69 530 289 528
3 140 \+ 14818 14930 32 568 69 542
3 28 \: 14818 16000 32 568 166 208
3 152 \+ 16723 16964 346 581 457 539
3 139 \+ 14704 14815 216 604 237 589
3 151 \+ 16610 16721 316 608 346 593
3 138 \+ 14497 14702 32 645 216 616
3 150 \+ 16336 16608 317 687 316 620
3 137 \+ 14294 14495 98 699 32 657
