= section4.gt 6 4
6 1435 \+ 128152 128395 169 79 366 630
6 1445 \+ 130555 130706 353 102 134 409
6 327 \: 128152 129200 32 147 425 534
6 1444 \+ 130215 130553 391 143 353 114
6 1443 \+ 130087 130213 435 238 391 155
6 329 \: 130087 131908 317 279 261 178
6 326 \: 127595 128151 32 300 141 165
6 1441 \+ 129610 129807 569 367 347 297
6 1440 \+ 129407 129607 423 407 569 379
6 1432 \+ 127229 127388 289 461 116 321
6 1439 \+ 129201 129404 547 462 423 419
6 1431 \+ 127121 127227 32 499 289 473
6 328 \: 129201 130086 317 514 347 297
6 1437 \+ 128807 129086 389 550 425 534
6 1430 \+ 127046 127118 104 577 88 562
6 1429 \+ 126724 127044 280 604 104 589
6 1436 \+ 128398 128805 366 618 389 562
6 1428 \+ 126524 126722 32 672 280 616
