= section4.gt 6 3
6 1459 \+ 135080 135389 317 69 185 657
6 332 \: 135392 136279 317 69 88 494
6 1452 \+ 133584 133889 141 78 316 409
6 1458 \+ 134847 135077 317 146 454 90
6 330 \: 133584 134305 32 157 569 368
6 1451 \+ 133366 133581 32 157 141 90
6 1457 \+ 134593 134844 521 214 317 158
6 1450 \+ 133236 133363 249 220 261 178
6 1449 \+ 133020 133234 130 247 249 232
6 1456 \+ 134349 134591 400 268 521 226
6 1448 \+ 132761 133017 276 315 130 259
6 1455 \+ 134307 134346 530 336 400 280
6 1454 \+ 134085 134304 317 347 530 348
6 331 \: 134307 135390 317 347 454 90
6 1447 \+ 132674 132759 32 370 276 327
6 1446 \+ 132350 132672 134 397 32 382
6 1453 \+ 133891 134082 316 397 569 368
