= section1.gt 3 2
3 33 \: 21107 23231 32 88 139 698
3 166 \+ 26469 26793 32 88 448 684
3 172 \+ 27971 28196 317 181 583 98
3 164 \+ 25806 25886 235 203 299 147
3 171 \+ 27876 27968 316 235 317 193
3 170 \+ 27698 27874 534 290 316 247
3 163 \+ 25641 25803 32 299 235 215
3 162 \+ 25631 25639 32 380 32 311
3 161 \+ 25481 25629 32 432 32 392
3 32 \: 19766 21106 32 432 59 107
3 169 \+ 27413 27579 317 451 534 302
3 168 \+ 27270 27411 551 525 373 469
3 167 \+ 27038 27268 317 564 551 537
3 159 \+ 24745 24960 203 618 245 507
