= section1.gt 3 4
3 186 \+ 25859 26075 143 93 420 684
3 185 \+ 25725 25856 32 120 143 87
3 196 \+ 27922 28162 564 124 108 698
3 39 \: 27595 28163 317 203 108 698
3 195 \+ 27595 27919 317 203 564 118
3 184 \+ 25225 25722 32 242 32 114
3 194 \+ 27374 27592 561 266 561 206
3 37 \: 24889 26272 32 337 554 643
3 183 \+ 24889 25222 32 337 32 236
3 193 \+ 27013 27372 440 348 561 260
3 192 \+ 26928 27010 339 361 440 342
3 182 \+ 24803 24886 215 371 100 338
3 191 \+ 26761 26925 317 414 339 355
3 181 \+ 24492 24801 287 453 215 365
3 180 \+ 24333 24489 32 491 287 447
3 36 \: 24333 24887 32 491 100 338
3 190 \+ 26750 26758 456 521 501 515
3 179 \+ 24200 24330 32 527 139 494
3 189 \+ 26600 26748 555 561 456 515
3 178 \+ 23762 24197 32 636 32 521
3 188 \+ 26274 26597 317 640 555 555
3 38 \: 26274 27593 317 640 561 206
3 177 \+ 23536 23759 32 690 32 630
3 187 \+ 26078 26271 420 690 554 643
