= section1.gt 3 4
3 211 \+ 30781 31059 317 80 32 657
3 42 \: 30781 32077 317 80 192 412
3 201 \+ 28769 28907 31 151 184 136
3 210 \+ 30526 30778 557 157 457 101
3 209 \+ 30427 30523 317 179 557 169
3 41 \: 30427 30779 317 179 457 101
3 200 \+ 28539 28767 32 205 31 163
3 199 \+ 28370 28536 283 260 32 217
3 208 \+ 30267 30395 560 291 390 263
3 198 \+ 28142 28368 231 314 283 272
3 197 \+ 28045 28139 32 339 231 326
3 207 \+ 29874 30265 548 387 560 303
3 206 \+ 29658 29871 317 439 548 399
3 40 \: 29658 30396 317 439 390 263
3 205 \+ 29489 29655 567 488 566 459
3 196 \+ 27865 28042 32 542 75 502
3 39 \: 27865 29656 32 542 566 459
3 204 \+ 29217 29486 317 554 567 500
3 195 \+ 27746 27862 196 578 224 562
3 194 \+ 27578 27744 175 618 196 590
3 203 \+ 29161 29214 451 645 434 643
3 193 \+ 27435 27576 32 659 175 630
3 202 \+ 28910 29158 317 710 451 657
