= section1.gt 3 5
3 231 \+ 36104 36217 422 75 179 711
3 220 \+ 33525 33795 289 82 542 670
3 219 \+ 33387 33522 163 109 289 94
3 230 \+ 35897 36101 498 129 422 87
3 218 \+ 33190 33384 32 150 163 121
3 229 \+ 35496 35894 468 224 498 141
3 43 \: 32915 34138 32 229 562 589
3 217 \+ 32915 33187 32 229 32 162
3 228 \+ 35383 35493 456 251 468 236
3 216 \+ 32761 32912 253 278 192 249
3 227 \+ 35292 35380 562 279 456 263
3 215 \+ 32522 32758 172 333 253 290
3 45 \: 34961 36218 317 358 179 711
3 226 \+ 34961 35290 317 358 562 291
3 214 \+ 32291 32519 154 387 172 345
3 225 \+ 34646 34958 371 435 551 379
3 213 \+ 32016 32288 104 455 154 399
3 224 \+ 34517 34643 317 462 371 447
3 212 \+ 31897 32013 32 482 104 467
3 211 \+ 31617 31895 32 561 32 494
3 42 \: 31617 32913 32 561 192 249
3 223 \+ 34140 34514 317 568 317 474
3 44 \: 34140 34959 317 568 551 379
3 222 \+ 34033 34137 317 590 562 589
3 210 \+ 31362 31614 273 638 173 582
3 209 \+ 31263 31359 32 660 273 650
3 41 \: 31263 31615 32 660 173 582
3 221 \+ 33798 34030 542 658 317 602
