= section1.gt 3 4
3 247 \+ 38200 38415 32 61 316 657
3 49 \: 38200 39095 32 61 375 494
3 246 \+ 38104 38197 68 83 273 82
3 255 \+ 39999 40262 346 114 515 72
3 245 \+ 37854 38101 184 151 68 95
3 254 \+ 39822 39996 562 169 346 126
3 244 \+ 37766 37851 32 176 184 163
3 243 \+ 37679 37763 32 236 195 223
3 48 \: 37679 38198 32 236 273 82
3 253 \+ 39448 39819 389 250 562 181
3 242 \+ 37369 37676 80 312 278 256
3 241 \+ 37207 37366 119 353 80 324
3 240 \+ 37081 37204 32 380 119 365
3 239 \+ 36894 37078 226 435 32 392
3 252 \+ 39131 39445 486 462 389 262
3 251 \+ 39097 39128 317 473 486 474
3 50 \: 39097 40263 317 473 515 72
3 238 \+ 36630 36891 32 489 226 447
3 237 \+ 36520 36627 32 528 32 501
3 47 \: 36520 37677 32 528 278 256
3 250 \+ 38792 39094 515 563 375 494
3 236 \+ 36323 36517 75 577 223 548
3 249 \+ 38602 38790 412 604 515 575
3 248 \+ 38418 38599 316 645 412 616
3 235 \+ 35993 36320 129 658 75 589
3 234 \+ 35833 35990 163 699 129 670
