= section1.gt 3 4
3 276 \+ 45696 45879 317 88 197 698
3 54 \: 45696 47102 317 88 175 385
3 275 \+ 45425 45693 506 163 455 107
3 274 \+ 45220 45422 317 203 506 175
3 273 \+ 45110 45218 316 231 317 215
3 264 \+ 43239 43451 224 265 429 670
3 272 \+ 44912 45107 438 285 316 243
3 271 \+ 44819 44909 531 312 438 297
3 52 \: 42979 44621 32 331 461 385
3 263 \+ 42979 43236 32 331 224 277
3 270 \+ 44673 44816 317 339 531 324
3 269 \+ 44623 44670 317 364 317 351
3 53 \: 44623 45694 317 364 455 107
3 262 \+ 41395 41600 116 380 276 351
3 261 \+ 41263 41392 32 407 116 392
3 268 \+ 44386 44620 355 427 461 385
3 260 \+ 41062 41260 107 462 32 419
3 267 \+ 44213 44383 342 468 355 439
3 259 \+ 40889 41059 54 503 107 474
3 258 \+ 40632 40886 156 571 54 515
3 257 \+ 40567 40629 98 584 156 583
3 266 \+ 43620 44211 412 618 342 480
3 265 \+ 43454 43617 429 658 412 630
3 256 \+ 40281 40564 32 664 98 596
3 51 \: 40281 42977 32 664 286 351
