= section1.gt 3 4
3 299 \+ 50636 50911 317 75 276 684
3 286 \+ 48204 48480 250 122 532 711
3 58 \: 50414 51276 317 140 88 589
3 298 \+ 50414 50634 317 140 317 87
3 285 \+ 47985 48202 221 176 250 134
3 297 \+ 50151 50411 394 203 561 161
3 284 \+ 47836 47983 277 217 221 188
3 296 \+ 49909 50148 316 258 394 215
3 283 \+ 47487 47833 169 299 277 229
3 295 \+ 49756 49906 364 299 316 270
3 294 \+ 49631 49753 317 334 364 311
3 57 \: 49631 50412 317 334 561 161
3 55 \: 47088 48481 32 405 532 711
3 282 \+ 47088 47485 32 405 169 311
3 293 \+ 49504 49585 420 419 551 418
3 281 \+ 46895 47085 32 454 175 426
3 292 \+ 49251 49501 577 487 420 431
3 280 \+ 46674 46892 32 509 32 466
3 291 \+ 49068 49248 512 528 577 499
3 290 \+ 48971 49065 562 555 512 540
3 279 \+ 46421 46671 143 577 32 521
3 289 \+ 48827 48968 365 583 562 567
3 288 \+ 48598 48825 349 637 365 595
3 278 \+ 46121 46418 220 658 143 589
3 287 \+ 48483 48595 317 678 349 649
3 56 \: 48483 49586 317 678 551 418
