= section1.gt 3 2
3 312 \+ 53976 54081 393 221 376 206
3 311 \+ 53760 53973 429 276 393 233
3 304 \+ 52139 52225 63 312 217 311
3 310 \+ 53611 53757 508 316 429 288
3 309 \+ 53331 53609 510 384 508 328
3 303 \+ 51770 52136 168 407 63 324
3 60 \: 53179 54684 317 423 249 575
3 308 \+ 53179 53328 317 423 510 396
3 307 \+ 52936 53176 510 486 555 443
3 59 \: 51294 53177 32 527 555 443
3 302 \+ 51294 51767 32 527 168 419
3 306 \+ 52621 52933 317 554 510 498
3 301 \+ 51015 51291 171 604 88 548
3 300 \+ 50929 51012 276 631 171 616
3 305 \+ 52228 52619 317 660 317 566
3 299 \+ 50652 50927 32 686 276 643
