= section1.gt 3 5
3 322 \+ 56505 56758 251 123 400 711
3 331 \+ 58798 59003 413 183 355 141
3 63 \: 56187 57190 32 202 553 616
3 321 \+ 56187 56502 32 202 251 135
3 320 \+ 56020 56184 96 251 90 223
3 330 \+ 58508 58796 354 251 413 195
3 329 \+ 58225 58505 317 331 354 263
3 65 \: 58225 59004 317 331 355 141
3 319 \+ 55573 56017 115 360 96 263
3 328 \+ 58100 58222 417 367 486 351
3 318 \+ 55434 55570 32 387 115 372
3 327 \+ 57804 58097 345 435 417 379
3 317 \+ 55209 55431 32 453 32 399
3 62 \: 55209 56185 32 453 90 223
3 326 \+ 57664 57802 455 475 345 447
3 316 \+ 54974 55206 163 516 157 474
3 325 \+ 57472 57661 316 516 455 487
3 315 \+ 54669 54972 32 598 163 528
3 61 \: 54669 55207 32 598 157 474
3 324 \+ 57192 57469 317 596 316 528
3 64 \: 57192 58223 317 596 486 351
3 314 \+ 54501 54666 275 645 249 616
3 323 \+ 56760 57189 400 699 553 616
