= section2.gt 4 7
4 359 \+ 4070 4280 317 78 275 670
4 74 \: 4070 5868 317 78 194 214
4 346 \+ 1367 1611 32 142 468 711
4 70 \: 1367 1839 32 142 473 657
4 358 \+ 3749 4067 317 154 531 80
4 357 \+ 3627 3746 533 195 317 148
4 345 \+ 1137 1364 207 205 233 145
4 356 \+ 3370 3624 389 250 533 189
4 355 \+ 3303 3368 346 263 389 244
4 344 \+ 815 1135 222 287 207 199
4 343 \+ 758 812 213 300 222 281
4 342 \+ 614 755 31 327 213 294
4 354 \+ 3043 3301 317 342 346 257
4 73 \: 3043 4068 317 342 531 80
4 341 \+ 335 611 32 407 31 321
4 69 \: 335 1365 32 407 233 145
4 353 \+ 2801 3040 508 405 572 345
4 352 \+ 2676 2798 451 433 508 399
4 340 \+ 217 332 232 443 287 409
4 339 \+ 142 215 153 456 232 437
4 338 \+ 61 139 32 478 153 450
4 68 \: 61 333 32 478 287 409
4 351 \+ 2484 2673 317 485 451 427
4 72 \: 2484 3041 317 485 572 345
4 350 \+ 2287 2481 562 548 449 487
4 349 \+ 2076 2284 396 589 562 542
3 337 \+ 59779 59984 128 608 70 548
4 348 \+ 1841 2073 317 654 396 583
4 71 \: 1841 2482 317 654 449 487
3 336 \+ 59489 59777 70 676 128 602
4 347 \+ 1613 1838 468 717 473 657
