= section2.gt 4 4
4 366 \+ 6256 6412 81 87 341 711
4 376 \+ 8328 8698 317 152 244 684
4 78 \: 8328 8821 317 152 281 657
4 75 \: 5870 7023 32 193 513 575
4 365 \+ 5870 6253 32 193 81 99
4 375 \+ 8099 8325 431 215 449 173
4 364 \+ 5496 5867 32 284 194 214
4 363 \+ 5230 5494 83 352 32 296
4 374 \+ 7755 8097 449 360 431 227
4 362 \+ 5099 5228 209 392 83 364
4 373 \+ 7481 7753 438 428 449 372
4 361 \+ 4908 5096 32 444 209 404
4 372 \+ 7294 7478 317 480 438 440
4 77 \: 7294 8326 317 480 449 173
4 371 \+ 7128 7291 558 530 529 501
4 370 \+ 7025 7125 317 555 558 542
4 76 \: 7025 7292 317 555 529 501
4 369 \+ 6763 7022 360 618 513 575
4 360 \+ 4282 4377 275 658 200 643
4 368 \+ 6561 6760 491 672 360 630
4 367 \+ 6415 6559 341 699 491 684
