= intro.gt 2 5
2 24 \+ 5846 5978 316 82 141 711
2 15 \+ 3343 3617 168 88 453 684
2 6 \: 5620 6869 317 148 287 507
2 23 \+ 5620 5843 317 148 316 94
2 14 \+ 2826 3341 223 224 168 100
2 22 \+ 5288 5617 530 238 546 168
2 21 \+ 4881 5285 422 333 530 250
2 3 \: 2298 3618 32 372 453 684
2 13 \+ 2298 2824 32 372 223 236
2 20 \+ 4642 4878 317 399 422 345
2 5 \: 4642 5618 317 399 546 168
2 12 \+ 1985 2295 105 448 272 392
2 19 \+ 4481 4639 494 448 470 419
2 18 \+ 4281 4478 364 489 494 460
2 11 \+ 1741 1982 275 516 105 460
2 10 \+ 1664 1738 166 530 275 528
2 17 \+ 3951 4279 351 571 364 501
2 9 \+ 1366 1662 62 598 166 542
2 8 \+ 1309 1363 32 623 62 610
2 2 \: 1309 2296 32 623 272 392
2 16 \+ 3620 3948 317 663 351 583
2 4 \: 3620 4640 317 663 470 419
2 7 \+ 1131 1306 160 672 205 643
