= section2.gt 4 5
4 386 \+ 11058 11376 197 80 415 657
4 385 \+ 10822 11056 141 134 197 92
4 398 \+ 13486 13681 557 154 157 684
4 384 \+ 10679 10819 252 175 141 146
4 81 \: 13378 14334 317 179 165 521
4 397 \+ 13378 13483 317 179 557 166
4 396 \+ 12718 12928 316 229 534 200
4 395 \+ 12615 12715 385 256 316 241
4 383 \+ 10275 10676 152 270 252 187
4 394 \+ 12429 12612 317 308 385 268
4 80 \: 12429 13376 317 308 543 200
4 382 \+ 10077 10272 264 324 152 282
4 393 \+ 12319 12426 571 344 553 329
4 78 \: 9975 11377 32 349 415 657
4 381 \+ 9975 10074 32 349 264 336
4 392 \+ 12181 12316 440 371 571 356
4 380 \+ 9679 9972 105 426 166 370
4 391 \+ 11973 12178 469 425 440 383
4 390 \+ 11873 11971 503 453 469 437
4 389 \+ 11754 11870 464 480 503 465
4 379 \+ 9351 9677 107 507 105 438
4 388 \+ 11516 11751 317 534 464 492
4 378 \+ 9168 9348 32 548 107 519
4 377 \+ 9030 9165 158 589 32 560
4 376 \+ 8846 9027 32 638 158 601
4 77 \: 8846 9973 32 638 166 370
4 387 \+ 11379 11514 317 636 317 546
4 79 \: 11379 12427 317 636 553 329
