= section2.gt 4 4
4 419 \+ 18578 18800 569 133 275 388
4 418 \+ 18363 18575 317 185 569 145
4 410 \+ 16596 16710 116 197 401 711
4 409 \+ 16375 16593 145 251 116 209
4 408 \+ 16235 16373 242 292 145 263
4 407 \+ 16022 16118 32 306 231 304
4 417 \+ 18236 18361 571 360 378 331
4 83 \: 15131 17544 32 398 539 575
4 406 \+ 15131 15442 32 398 292 331
4 416 \+ 18077 18233 317 399 571 372
4 85 \: 18077 19334 317 399 237 189
4 415 \+ 17912 18074 405 448 445 419
4 405 \+ 14802 15128 184 489 184 419
4 414 \+ 17713 17910 494 503 405 460
4 404 \+ 14665 14799 32 516 184 501
4 413 \+ 17546 17711 317 554 494 515
4 84 \: 17546 18075 317 554 445 419
4 403 \+ 14336 14663 32 609 32 528
4 82 \: 14336 15129 32 609 184 419
4 412 \+ 17012 17226 496 618 529 575
4 402 \+ 14082 14333 286 686 165 630
4 411 \+ 16713 17010 401 699 496 630
