= section2.gt 4 4
4 436 \+ 22767 23135 131 133 378 684
4 435 \+ 22496 22765 111 201 131 127
4 443 \+ 25016 25272 475 201 357 127
4 442 \+ 24926 25013 317 226 475 195
4 92 \: 24926 25273 317 226 357 127
4 90 \: 22319 23805 32 254 415 521
4 434 \+ 22319 22494 32 254 111 195
4 433 \+ 22137 22316 261 303 287 256
4 432 \+ 21826 22134 64 371 261 297
4 441 \+ 24225 24923 538 412 504 229
4 431 \+ 21610 21823 264 439 64 365
4 440 \+ 24029 24222 380 453 538 406
4 439 \+ 23807 24026 317 518 380 447
4 91 \: 23807 24924 317 518 504 229
4 430 \+ 21104 21608 289 575 264 433
4 438 \+ 23538 23804 454 595 415 521
4 429 \+ 20771 21102 32 654 289 569
4 89 \: 20771 22317 32 654 287 256
4 437 \+ 23137 23535 378 690 454 589
