= section2.gt 4 3
4 448 \+ 26553 26747 32 65 510 429
4 454 \+ 27989 28206 361 98 90 698
4 94 \: 26277 27428 32 144 513 266
4 447 \+ 26277 26551 32 144 32 77
4 453 \+ 27678 27986 432 180 361 110
4 446 \+ 25964 26274 264 234 172 165
4 95 \: 27430 28392 317 246 183 657
4 452 \+ 27430 27675 317 246 432 192
4 445 \+ 25724 25961 190 289 264 246
4 451 \+ 27195 27427 492 308 513 266
4 450 \+ 27022 27193 477 349 492 320
4 444 \+ 25312 25721 32 393 190 301
4 93 \: 25312 26275 32 393 172 165
4 449 \+ 26750 27019 510 417 477 361
