= section2.gt 4 3
4 460 \+ 30827 31030 101 108 287 79
4 459 \+ 30659 30824 83 149 101 120
4 469 \+ 33375 33783 368 190 211 698
4 458 \+ 30436 30656 114 203 83 161
4 468 \+ 33227 33372 504 231 368 202
4 467 \+ 33031 33225 377 271 504 243
4 457 \+ 30151 30433 32 283 114 215
4 95 \: 30151 31031 32 283 287 79
4 456 \+ 30086 30148 32 305 69 303
4 466 \+ 32239 32731 401 394 360 283
4 455 \+ 29565 30083 220 441 32 317
4 97 \: 31794 33918 317 514 48 657
4 465 \+ 31794 32237 317 514 401 406
4 454 \+ 29209 29562 139 522 220 453
4 464 \+ 31526 31791 560 590 515 534
4 453 \+ 28855 29206 32 604 139 534
4 463 \+ 31286 31523 478 645 560 602
4 452 \+ 28622 28852 134 672 32 616
4 462 \+ 31105 31283 389 686 478 657
4 461 \+ 31033 31102 317 710 389 698
4 96 \: 31033 31792 317 710 515 534
