= section2.gt 4 3
4 498 \+ 37532 37877 317 70 117 643
4 486 \+ 35111 35275 32 107 542 711
4 101 \: 35111 36583 32 107 512 333
4 485 \+ 34873 35108 70 168 132 126
4 497 \+ 37191 37530 556 165 317 82
4 496 \+ 37142 37189 570 179 556 177
4 484 \+ 34690 34871 268 222 70 180
4 495 \+ 36900 37139 493 233 570 191
4 483 \+ 34575 34688 240 250 268 234
4 481 \+ 34476 34523 35 263 272 275
4 482 \+ 34526 34572 272 263 240 262
4 494 \+ 36710 36897 385 274 493 245
4 102 \: 36585 37878 317 313 117 643
4 493 \+ 36585 36707 317 313 385 286
4 492 \+ 36441 36582 373 348 512 333
4 480 \+ 34349 34472 61 356 105 340
4 479 \+ 34239 34347 32 394 61 368
4 491 \+ 36116 36438 431 430 373 360
4 478 \+ 34179 34210 208 462 99 460
4 477 \+ 34073 34176 245 489 208 474
4 490 \+ 35770 36114 317 512 431 442
4 489 \+ 35723 35768 358 525 317 524
4 476 \+ 33921 34071 32 530 245 501
4 100 \: 33921 35109 32 530 132 126
4 475 \+ 33787 33918 211 577 48 548
4 488 \+ 35517 35720 422 580 358 537
4 487 \+ 35278 35514 317 645 422 592
4 474 \+ 33376 33784 83 672 211 589
