= section2.gt 4 3
4 521 \+ 42932 43324 577 87 138 643
4 104 \: 42827 45547 317 114 123 507
4 520 \+ 42827 42929 317 114 577 99
4 509 \+ 40349 40653 272 122 414 698
4 519 \+ 42757 42824 402 149 450 147
4 102 \: 40087 41466 32 188 372 494
4 508 \+ 40087 40346 32 188 272 134
4 518 \+ 42524 42755 571 217 402 161
4 507 \+ 39955 40084 126 223 232 208
4 517 \+ 42342 42522 487 258 571 229
4 506 \+ 39766 39953 278 278 126 235
4 516 \+ 42034 42340 358 326 487 270
4 505 \+ 39553 39764 281 332 278 290
4 504 \+ 39383 39550 244 373 281 344
4 515 \+ 41847 42031 520 380 358 338
4 514 \+ 41708 41844 380 407 520 392
4 503 \+ 39205 39381 182 414 244 385
4 502 \+ 39127 39203 87 427 182 426
4 501 \+ 39018 39124 84 454 87 439
4 513 \+ 41468 41705 317 473 380 419
4 103 \: 41468 42825 317 473 450 147
4 500 \+ 38901 39015 75 482 84 466
4 512 \+ 41267 41465 380 536 372 494
4 499 \+ 38645 38899 212 550 75 494
4 498 \+ 38489 38642 31 577 212 562
4 511 \+ 41056 41264 450 590 380 548
4 497 \+ 38314 38487 275 631 31 589
4 496 \+ 38168 38311 131 658 275 643
4 510 \+ 40656 41054 414 686 450 602
4 495 \+ 38008 38165 206 699 131 670
