= section2.gt 4 3
4 535 \+ 49449 49585 316 170 154 711
4 534 \+ 49190 49446 450 238 316 182
4 107 \: 48875 49586 317 317 154 711
4 533 \+ 48875 49187 317 317 450 250
4 532 \+ 48655 48872 316 367 561 338
4 528 \+ 46502 46945 199 394 448 684
4 527 \+ 46255 46500 101 448 199 406
4 531 \+ 48283 48652 394 462 316 379
4 526 \+ 45821 46252 106 557 101 460
4 530 \+ 47832 48280 317 582 394 474
4 106 \: 47832 48873 317 582 561 338
4 105 \: 45532 47830 32 639 468 602
4 525 \+ 45532 45819 32 639 106 569
4 529 \+ 46948 47293 448 672 454 602
4 524 \+ 44797 44999 204 699 109 657
