= section2.gt 4 5
4 553 \+ 52960 53117 557 96 261 711
4 540 \+ 50713 50962 201 106 365 698
4 111 \: 52854 54407 317 122 273 290
4 552 \+ 52854 52957 317 122 557 108
4 551 \+ 52725 52851 378 157 466 142
4 539 \+ 50361 50710 87 188 201 118
4 550 \+ 52324 52722 317 263 378 169
4 538 \+ 50064 50358 264 269 87 200
4 537 \+ 49901 50061 32 307 264 281
4 549 \+ 52211 52321 513 360 500 345
4 548 \+ 52114 52209 566 387 513 372
4 536 \+ 49800 49898 102 406 298 404
4 547 \+ 52004 52112 317 412 566 399
4 110 \: 52004 52852 317 412 466 142
4 546 \+ 51905 52001 547 448 476 433
4 108 \: 49628 50963 32 455 365 698
4 535 \+ 49628 49798 32 455 102 418
4 545 \+ 51601 51902 404 516 547 460
4 534 \+ 49466 49602 32 543 154 528
4 544 \+ 51299 51598 570 598 404 528
4 533 \+ 49207 49463 165 611 32 555
4 543 \+ 51228 51297 513 611 570 610
4 542 \+ 51066 51226 562 652 513 623
4 541 \+ 50965 51063 317 677 562 664
4 109 \: 50965 52002 317 677 476 433
4 532 \+ 48892 49204 32 691 165 623
4 107 \: 48892 49603 32 691 154 528
