= intro.gt 2 4
2 45 \+ 10626 10799 397 96 161 711
2 44 \+ 10374 10623 522 164 397 108
2 33 \+ 7738 8326 273 196 491 711
2 43 \+ 10184 10371 447 204 522 176
2 10 \: 10053 10975 317 242 181 670
2 42 \+ 10053 10182 317 242 447 216
2 32 \+ 7687 7735 244 285 273 208
2 41 \+ 9792 10050 531 319 504 263
2 31 \+ 7323 7685 150 367 244 297
2 40 \+ 9546 9790 459 374 531 331
2 30 \+ 7152 7321 135 407 150 379
2 39 \+ 9365 9543 428 415 459 386
2 7 \: 6868 8482 32 489 450 670
2 29 \+ 6868 7150 32 489 135 419
2 38 \+ 9005 9363 317 510 428 427
2 9 \: 9005 10051 317 510 504 263
2 37 \+ 8915 9002 317 530 474 528
2 28 \+ 6650 6865 82 536 287 507
2 36 \+ 8785 8912 513 571 317 542
2 27 \+ 6444 6647 173 590 82 548
2 26 \+ 6291 6441 251 631 173 602
2 35 \+ 8484 8783 317 650 513 583
2 8 \: 8484 9003 317 650 474 528
2 25 \+ 5978 6288 141 699 251 643
2 34 \+ 8328 8481 491 699 450 670
