= section2.gt 4 3
4 575 \+ 58076 58265 368 61 180 684
4 562 \+ 55299 55732 281 122 477 670
4 574 \+ 57797 58073 416 129 368 73
4 573 \+ 57673 57794 343 156 416 141
4 561 \+ 55091 55296 91 163 281 134
4 560 \+ 54895 55088 249 218 91 175
4 572 \+ 57431 57670 518 224 343 168
4 559 \+ 54675 54893 256 272 249 230
4 114 \: 57163 59293 317 290 74 426
4 571 \+ 57163 57429 317 290 518 236
4 112 \: 54407 55733 32 338 477 670
4 558 \+ 54407 54673 32 338 256 284
4 570 \+ 56902 57160 534 367 405 311
4 569 \+ 56744 56899 339 394 534 379
4 568 \+ 56672 56741 535 421 339 406
4 567 \+ 56520 56670 332 448 535 433
4 566 \+ 56347 56517 317 489 332 460
4 565 \+ 56147 56344 440 543 317 501
4 564 \+ 56003 56144 545 584 440 555
4 563 \+ 55735 56001 317 649 545 596
4 113 \: 55735 57161 317 649 405 311
4 557 \+ 53558 54404 238 658 273 358
