= section2.gt 4 3
4 581 \+ 59906 60121 170 67 464 670
4 580 \+ 59723 59903 63 108 170 79
4 591 \+ 61779 62225 443 163 272 684
4 579 \+ 59483 59721 240 176 63 120
4 590 \+ 61595 61777 411 204 443 175
4 115 \: 59297 60582 32 231 552 562
4 578 \+ 59297 59481 32 231 240 188
4 589 \+ 61404 61592 317 256 411 216
4 577 \+ 59059 59294 255 305 74 249
4 588 \+ 61331 61401 376 322 434 321
4 117 \: 61213 62636 317 363 286 684
4 587 \+ 61213 61329 317 363 376 334
4 576 \+ 58782 59056 220 373 255 317
4 586 \+ 60963 61210 532 437 363 381
4 575 \+ 58459 58779 253 454 220 385
4 585 \+ 60816 60960 369 465 532 449
4 574 \+ 58270 58456 180 495 253 466
4 573 \+ 58078 58267 84 536 180 507
4 584 \+ 60584 60814 317 533 369 477
4 116 \: 60584 61211 317 533 363 381
4 583 \+ 60377 60581 372 590 552 562
4 572 \+ 57799 58075 132 604 84 548
4 571 \+ 57675 57796 59 631 132 616
4 582 \+ 60124 60374 464 658 372 602
4 570 \+ 57433 57672 233 699 59 643
