= section2.gt 4 5
4 617 \+ 67778 67885 568 61 32 684
4 605 \+ 65022 65190 32 99 316 711
4 120 \: 65022 66229 32 99 528 466
4 616 \+ 67516 67775 434 115 568 73
4 604 \+ 64706 65019 32 176 179 120
4 122 \: 67271 68934 317 181 268 439
4 615 \+ 67271 67513 317 181 434 127
4 603 \+ 64360 64703 285 271 32 188
4 614 \+ 66929 67268 539 271 533 202
4 613 \+ 66832 66927 348 285 539 283
4 602 \+ 64097 64358 32 337 285 283
4 119 \: 64097 65020 32 337 179 120
4 612 \+ 66598 66829 528 353 348 297
4 601 \+ 63915 64094 217 386 274 358
4 600 \+ 63741 63912 173 427 217 398
4 611 \+ 66231 66596 317 446 528 365
4 121 \: 66231 67269 317 446 533 202
4 599 \+ 63539 63739 207 482 173 439
4 598 \+ 63359 63536 127 522 207 494
4 610 \+ 65811 66228 372 550 528 466
4 597 \+ 63152 63356 187 577 127 534
4 609 \+ 65667 65808 466 590 372 562
4 608 \+ 65581 65664 316 604 466 602
4 596 \+ 62948 63149 285 631 187 589
4 607 \+ 65379 65578 408 658 316 616
4 595 \+ 62757 62946 124 672 285 643
4 606 \+ 65193 65376 316 699 408 670
4 594 \+ 62636 62754 32 710 124 684
4 118 \: 62636 64095 32 710 274 358
