= section2.gt 4 2
= section3.gt 5 1
4 625 \+ 69799 70014 32 72 344 670
4 124 \: 69799 72003 32 72 553 480
4 624 \+ 69673 69796 32 108 142 93
4 623 \+ 69344 69671 75 190 32 120
4 622 \+ 69165 69342 32 231 75 202
5 633 \+ 670 845 357 234 133 684
4 621 \+ 68938 69162 32 296 32 243
4 123 \: 68938 69797 32 296 142 93
5 632 \+ 413 667 474 302 357 246
4 620 \+ 68769 68935 277 346 268 317
5 631 \+ 255 410 547 343 474 314
4 619 \+ 68611 68766 65 373 277 358
5 125 \: 35 1132 317 392 100 616
5 630 \+ 35 252 317 392 547 355
4 618 \+ 68479 68609 221 414 65 385
4 617 \+ 68321 68476 278 454 221 426
4 629 \+ 71900 72002 344 482 553 480
4 628 \+ 71729 71898 560 536 344 494
4 616 \+ 67889 68319 32 550 278 466
4 615 \+ 67780 67887 284 590 32 562
4 627 \+ 71464 71726 359 590 560 548
4 614 \+ 67518 67777 149 645 284 602
4 626 \+ 70017 70291 344 658 343 602
