= section3.gt 5 5
5 649 \+ 3392 3578 32 88 402 698
5 130 \: 3392 3918 32 88 436 616
5 661 \+ 5574 5674 439 170 385 155
5 132 \: 5495 6454 317 195 68 521
5 660 \+ 5495 5571 317 195 439 182
5 648 \+ 3282 3389 145 202 128 187
5 647 \+ 3074 3280 192 256 145 214
5 659 \+ 5236 5492 521 271 414 215
5 646 \+ 2951 3072 118 284 192 268
5 658 \+ 5168 5233 452 285 521 283
5 645 \+ 2777 2948 32 335 118 296
5 657 \+ 4938 5166 383 339 452 297
5 656 \+ 4718 4935 435 394 383 351
5 655 \+ 4638 4715 317 407 435 406
5 644 \+ 2677 2774 32 426 275 413
5 129 \: 2677 3390 32 426 128 187
5 643 \+ 2501 2674 162 475 215 447
5 654 \+ 4404 4635 524 475 317 419
5 642 \+ 2334 2498 145 516 162 487
5 653 \+ 4187 4401 568 530 524 487
5 641 \+ 2047 2331 32 596 145 528
5 128 \: 2047 2675 32 596 215 447
5 652 \+ 3920 4184 317 595 568 542
5 131 \: 3920 5493 317 595 414 215
5 640 \+ 1835 2044 150 658 107 616
5 651 \+ 3708 3917 489 658 436 616
5 650 \+ 3581 3705 402 686 489 670
