= section3.gt 5 4
5 683 \+ 8623 8692 446 73 515 72
5 667 \+ 6774 6810 208 101 119 99
5 682 \+ 8489 8620 317 112 446 85
5 666 \+ 6667 6772 233 128 208 113
5 133 \: 6457 7406 32 180 478 535
5 665 \+ 6457 6664 32 180 233 140
5 681 \+ 8428 8486 498 203 507 202
5 680 \+ 8374 8425 497 217 498 215
5 664 \+ 6277 6454 266 243 68 201
5 679 \+ 8258 8371 488 244 497 229
5 663 \+ 6059 6274 32 284 266 255
5 135 \: 8001 10770 317 310 275 601
5 678 \+ 8001 8256 317 310 488 256
5 677 \+ 7890 7998 571 345 557 330
5 662 \+ 5834 6056 277 352 32 296
5 676 \+ 7742 7887 385 373 571 357
5 661 \+ 5678 5831 32 393 277 364
5 675 \+ 7615 7739 316 400 385 385
5 674 \+ 7532 7612 441 427 316 412
5 673 \+ 7456 7529 317 452 441 439
5 660 \+ 5575 5675 155 516 100 501
5 672 \+ 7408 7453 317 515 547 515
5 134 \: 7408 7999 317 515 557 330
5 659 \+ 5496 5572 32 541 155 528
5 132 \: 5496 6455 32 541 68 201
5 671 \+ 7179 7405 478 577 478 535
5 658 \+ 5237 5493 237 618 129 562
5 670 \+ 7018 7176 510 618 478 589
5 657 \+ 5169 5234 167 631 237 630
5 669 \+ 6927 7016 317 632 510 630
5 668 \+ 6813 6925 317 670 317 644
5 656 \+ 4939 5167 98 686 167 643
