= section3.gt 5 5
5 140 \: 14102 14718 317 111 280 522
5 704 \+ 14102 14276 317 111 336 71
5 703 \+ 13864 14099 352 174 409 131
5 702 \+ 13690 13861 317 226 352 186
5 701 \+ 13604 13687 317 306 483 291
5 139 \: 13604 14100 317 306 409 131
5 700 \+ 13423 13601 316 353 385 324
5 691 \+ 11956 12257 277 374 404 670
5 690 \+ 11702 11953 108 428 277 386
5 699 \+ 13131 13420 540 435 316 365
5 698 \+ 12931 13128 356 475 540 447
5 137 \: 11524 12258 32 480 404 670
5 689 \+ 11524 11699 32 480 108 440
5 697 \+ 12908 12928 510 489 356 487
5 696 \+ 12727 12905 468 530 510 501
5 695 \+ 12671 12724 473 543 468 542
5 688 \+ 11198 11521 246 571 213 501
5 694 \+ 12534 12668 347 571 473 555
5 687 \+ 11104 11195 56 584 246 583
5 693 \+ 12361 12531 316 611 347 583
5 686 \+ 10874 11101 277 652 56 596
5 692 \+ 12260 12359 317 650 316 623
5 138 \: 12260 13602 317 650 385 324
5 685 \+ 10772 10871 32 677 277 664
5 136 \: 10772 11522 32 677 213 501
