= section3.gt 5 6
5 732 \+ 18482 18667 317 66 148 670
5 146 \: 18482 20147 317 66 109 303
5 719 \+ 16514 16579 209 89 549 711
5 731 \+ 18286 18479 417 116 553 87
5 730 \+ 18170 18283 414 143 417 128
5 143 \: 16262 16580 32 154 549 711
5 718 \+ 16262 16512 32 154 209 101
5 729 \+ 18100 18167 363 157 414 155
5 728 \+ 17919 18098 316 198 363 169
5 727 \+ 17771 17916 414 239 316 210
5 717 \+ 15942 16259 216 245 218 175
5 726 \+ 17604 17768 401 279 414 251
5 716 \+ 15792 15939 278 285 216 257
5 725 \+ 17420 17601 317 334 401 291
5 145 \: 17420 18480 317 334 553 87
5 715 \+ 15517 15789 32 353 278 297
5 142 \: 15517 16260 32 353 218 175
5 724 \+ 17292 17417 352 367 420 352
5 714 \+ 15337 15514 32 412 74 372
5 723 \+ 17099 17289 470 422 352 379
5 722 \+ 16908 17097 317 474 470 434
5 713 \+ 15164 15334 32 503 93 474
5 721 \+ 16890 16905 490 549 578 561
5 712 \+ 14825 15161 278 598 32 515
5 711 \+ 14771 14823 279 611 278 610
5 720 \+ 16623 16887 317 612 490 561
5 144 \: 16623 17418 317 612 420 352
5 710 \+ 14719 14769 32 623 279 623
5 141 \: 14719 15515 32 623 74 372
5 709 \+ 14460 14716 139 686 280 643
