= section3.gt 5 4
5 753 \+ 23335 23424 493 68 133 698
5 742 \+ 20812 21074 32 113 566 711
5 148 \: 20812 21261 32 113 410 657
5 752 \+ 23129 23332 317 109 493 80
5 741 \+ 20663 20809 84 149 270 134
5 150 \: 23016 23734 317 147 257 630
5 751 \+ 23016 23127 317 147 317 121
5 750 \+ 22851 23013 514 196 523 168
5 749 \+ 22485 22849 378 278 514 208
5 740 \+ 20149 20661 32 285 84 161
5 147 \: 20149 20810 32 285 270 134
5 739 \+ 19995 20146 171 332 109 303
5 748 \+ 22210 22483 384 346 378 290
5 738 \+ 19847 19993 261 373 171 344
5 747 \+ 21955 22207 456 414 384 358
5 737 \+ 19521 19844 32 441 261 385
5 736 \+ 19260 19518 128 509 32 453
5 746 \+ 21593 21952 317 507 456 426
5 735 \+ 18997 19258 150 577 128 521
5 745 \+ 21423 21590 571 598 536 569
5 744 \+ 21263 21420 317 636 571 610
5 149 \: 21263 23014 317 636 523 168
5 734 \+ 18753 18995 282 645 150 589
5 733 \+ 18669 18751 148 658 282 657
5 743 \+ 21077 21260 566 699 410 657
