= section3.gt 5 6
5 782 \+ 27012 27125 317 67 269 698
5 769 \+ 24629 24808 32 107 358 711
5 152 \: 24629 25585 32 107 357 521
5 781 \+ 26862 27009 377 164 553 148
5 155 \: 26796 27985 317 189 103 480
5 780 \+ 26796 26859 317 189 377 176
5 768 \+ 24256 24626 262 211 139 127
5 779 \+ 26667 26793 527 224 572 209
5 778 \+ 26458 26664 566 279 527 236
5 767 \+ 23860 24254 113 306 262 223
5 777 \+ 26245 26455 317 331 566 291
5 154 \: 26245 26794 317 331 572 209
5 766 \+ 23737 23857 32 344 113 318
5 151 \: 23737 24627 32 344 139 127
5 765 \+ 23576 23734 32 380 257 365
5 776 \+ 26073 26242 551 380 546 351
5 764 \+ 23428 23574 133 421 32 392
5 775 \+ 25863 26071 317 421 551 392
5 763 \+ 23336 23425 209 448 133 433
5 774 \+ 25670 25860 445 475 317 433
5 762 \+ 23130 23333 32 489 209 460
5 773 \+ 25587 25667 317 500 445 487
5 153 \: 25587 26243 317 500 546 351
5 761 \+ 23017 23128 32 527 32 501
5 150 \: 23017 23735 32 527 257 365
5 760 \+ 22852 23014 229 577 238 548
5 772 \+ 25208 25584 435 604 357 521
5 759 \+ 22486 22850 93 658 229 589
5 771 \+ 25009 25205 549 658 435 616
5 770 \+ 24810 25006 358 699 549 670
