= intro.gt 2 5
2 67 \+ 15813 15871 364 96 353 94
2 51 \+ 11862 12193 137 114 103 75
2 66 \+ 15624 15810 502 150 364 108
2 50 \+ 11504 11859 167 161 137 123
2 49 \+ 11327 11502 32 180 167 170
2 65 \+ 15318 15621 317 229 502 162
2 15 \: 15318 15872 317 229 353 94
2 57 \+ 13367 13625 32 238 556 711
2 64 \+ 15173 15315 437 279 347 250
2 12 \: 13206 14075 32 292 357 589
2 56 \+ 13206 13364 32 292 32 250
2 63 \+ 14930 15170 317 344 437 291
2 14 \: 14930 15316 317 344 347 250
2 55 \+ 12879 13203 90 380 58 311
2 54 \+ 12712 12876 102 421 90 392
2 62 \+ 14665 14927 537 421 473 365
2 53 \+ 12456 12710 165 489 102 433
2 61 \+ 14387 14662 544 489 537 433
2 52 \+ 12196 12453 217 557 165 501
2 60 \+ 14077 14384 317 571 544 501
2 13 \: 14077 14928 317 571 473 365
2 48 \+ 11115 11325 207 611 205 569
2 47 \+ 10977 11112 32 649 207 623
2 11 \: 10977 13204 32 649 58 311
2 59 \+ 13831 14074 491 645 357 589
2 46 \+ 10802 10974 161 699 181 670
2 58 \+ 13627 13828 556 699 491 657
