= section3.gt 5 5
5 794 \+ 29425 29807 203 115 428 684
5 805 \+ 31844 31980 454 123 538 108
5 159 \: 29275 29808 32 154 428 684
5 793 \+ 29275 29422 32 154 203 127
5 804 \+ 31534 31841 317 204 454 135
5 162 \: 31534 31981 317 204 538 108
5 792 \+ 28994 29272 238 231 258 175
5 803 \+ 31288 31531 530 279 379 223
5 791 \+ 28714 28991 203 299 238 243
5 802 \+ 31135 31285 317 306 530 291
5 801 \+ 30986 31132 386 347 317 318
5 790 \+ 28506 28712 282 353 203 311
5 800 \+ 30899 30983 502 374 386 359
5 789 \+ 28341 28503 32 380 282 365
5 799 \+ 30694 30897 317 425 502 386
5 161 \: 30694 31532 317 425 379 223
5 788 \+ 28052 28339 32 460 32 392
5 158 \: 28052 29273 32 460 258 175
5 798 \+ 30330 30691 478 530 347 447
5 787 \+ 27737 28049 234 550 103 480
5 786 \+ 27597 27734 94 577 234 562
5 797 \+ 30104 30327 415 584 478 542
5 785 \+ 27482 27594 75 604 94 589
5 796 \+ 29903 30101 510 639 415 596
5 784 \+ 27361 27479 279 645 75 616
5 795 \+ 29810 29901 317 666 510 651
5 160 \: 29810 30692 317 666 347 447
5 783 \+ 27192 27358 269 686 279 657
