= section3.gt 5 4
5 820 \+ 35864 36046 452 60 274 684
5 819 \+ 35741 35861 363 87 452 72
5 805 \+ 33734 34059 32 106 563 698
5 818 \+ 35663 35738 516 114 363 99
5 817 \+ 35609 35660 518 128 516 126
5 804 \+ 33616 33731 267 147 32 118
5 816 \+ 35419 35607 426 169 518 140
5 803 \+ 33513 33613 32 174 267 159
5 802 \+ 33502 33510 180 252 225 264
5 164 \: 35009 36190 317 277 143 643
5 815 \+ 35009 35416 317 277 426 181
5 814 \+ 34952 35006 391 297 384 296
5 801 \+ 33275 33500 154 306 180 264
5 813 \+ 34788 34946 377 338 358 309
5 162 \: 33085 34143 32 360 419 583
5 800 \+ 33085 33273 32 360 154 318
5 812 \+ 34669 34786 317 365 377 350
5 811 \+ 34443 34667 317 420 317 377
5 799 \+ 32811 33082 160 435 94 379
5 810 \+ 34326 34440 317 458 317 432
5 798 \+ 32666 32809 251 475 160 447
5 797 \+ 32479 32663 134 516 251 487
5 809 \+ 34263 34323 368 524 403 522
5 808 \+ 34145 34260 317 563 368 536
5 163 \: 34145 35007 317 563 384 296
5 796 \+ 32284 32476 269 571 134 528
5 807 \+ 34066 34142 317 596 419 583
5 795 \+ 32050 32281 236 625 269 583
5 794 \+ 31957 32047 32 647 236 637
5 161 \: 31957 33083 32 647 94 379
5 806 \+ 34061 34063 563 686 579 698
