= section3.gt 5 3
5 839 \+ 39112 39196 67 67 471 711
5 838 \+ 39047 39108 32 81 67 79
5 853 \+ 41066 41359 317 117 130 698
5 837 \+ 38627 39045 230 190 32 93
5 836 \+ 38510 38624 213 217 230 202
5 852 \+ 40883 41063 421 251 466 223
5 835 \+ 38331 38507 186 258 213 229
5 851 \+ 40819 40880 389 265 421 263
5 850 \+ 40696 40817 317 292 389 277
5 849 \+ 40614 40693 464 319 317 304
5 834 \+ 37942 38328 195 353 186 270
5 848 \+ 40441 40611 408 360 464 331
5 847 \+ 40261 40439 317 401 408 372
5 833 \+ 37663 37940 195 421 195 365
5 832 \+ 37570 37660 277 448 195 433
5 846 \+ 40047 40258 348 455 317 413
5 166 \: 37467 39197 32 473 471 711
5 831 \+ 37467 37567 32 473 277 460
5 168 \: 39990 41484 317 480 180 670
5 845 \+ 39990 40045 317 480 348 467
5 830 \+ 37404 37464 278 495 287 494
5 829 \+ 37305 37402 68 509 278 507
5 844 \+ 39837 39987 317 516 528 501
5 843 \+ 39723 39834 560 557 317 528
5 828 \+ 37075 37302 70 563 68 521
5 842 \+ 39619 39721 316 571 560 569
5 827 \+ 36840 37072 32 618 70 575
5 841 \+ 39399 39617 536 639 316 583
5 840 \+ 39199 39396 317 691 536 651
5 167 \: 39199 39988 317 691 528 501
