= section3.gt 5 4
5 879 \+ 46395 46576 426 78 224 698
5 878 \+ 46257 46392 553 119 426 90
5 870 \+ 44048 44454 135 129 467 698
5 877 \+ 46120 46254 413 146 553 131
5 869 \+ 43872 44045 86 170 135 141
5 171 \: 43586 44455 32 251 467 698
5 868 \+ 43586 43869 32 251 86 182
5 876 \+ 45940 46117 437 254 413 158
5 867 \+ 43533 43583 143 271 111 270
5 875 \+ 45792 45937 529 295 437 266
5 866 \+ 43216 43530 208 353 143 283
5 173 \: 45475 46577 317 375 224 698
5 874 \+ 45475 45790 317 375 529 307
5 865 \+ 43094 43213 157 380 208 365
5 864 \+ 42919 43092 111 421 157 392
5 863 \+ 42727 42916 234 475 111 433
5 873 \+ 45109 45472 577 478 436 395
5 862 \+ 42627 42724 32 500 234 487
5 170 \: 42627 43584 32 500 111 270
5 861 \+ 42392 42624 72 563 109 521
5 872 \+ 44753 45107 558 560 577 490
5 860 \+ 42278 42389 72 590 72 575
5 859 \+ 42183 42276 134 618 72 602
5 871 \+ 44478 44751 317 623 558 572
5 172 \: 44478 45473 317 623 436 395
5 858 \+ 41964 42181 146 672 134 630
