= section3.gt 5 6
5 903 \+ 50433 50609 571 68 62 670
5 886 \+ 47825 47945 32 75 385 711
5 902 \+ 50250 50430 514 109 571 80
5 885 \+ 47654 47823 284 129 32 87
5 901 \+ 50141 50247 521 136 514 121
5 176 \: 47504 48122 32 168 421 670
5 884 \+ 47504 47651 32 168 284 141
5 900 \+ 49966 50139 487 177 521 148
5 883 \+ 47426 47501 83 190 147 188
5 899 \+ 49855 49963 500 204 487 189
5 898 \+ 49743 49852 503 232 500 216
5 882 \+ 47213 47424 129 244 83 202
5 897 \+ 49576 49740 519 272 503 244
5 881 \+ 46974 47211 32 310 129 256
5 175 \: 46974 47502 32 310 147 188
5 896 \+ 49316 49573 370 327 519 284
5 179 \: 49192 50803 317 365 182 630
5 895 \+ 49192 49314 317 365 370 339
5 894 \+ 49012 49189 316 415 367 386
5 880 \+ 46843 46970 236 450 94 422
5 893 \+ 48866 49009 424 455 316 427
5 879 \+ 46695 46840 64 478 236 462
5 892 \+ 48749 48863 418 483 424 467
5 891 \+ 48673 48746 317 508 418 495
5 178 \: 48673 49190 317 508 367 386
5 878 \+ 46580 46692 32 516 64 490
5 174 \: 46580 46972 32 516 94 422
5 877 \+ 46396 46577 142 565 224 537
5 890 \+ 48405 48670 392 571 563 528
5 889 \+ 48330 48403 562 598 392 583
5 876 \+ 46258 46393 268 606 142 577
5 875 \+ 46121 46255 129 633 268 618
5 888 \+ 48124 48327 317 650 562 610
5 177 \: 48124 48671 317 650 563 528
5 887 \+ 47947 48121 385 699 421 670
