= section3.gt 5 5
5 937 \+ 54300 54509 394 60 74 670
5 936 \+ 53956 54297 316 141 394 72
5 926 \+ 51977 52358 130 156 195 73
5 925 \+ 51864 51974 131 183 130 168
5 924 \+ 51772 51861 222 211 131 195
5 184 \: 53624 54812 317 234 186 602
5 935 \+ 53624 53953 317 234 316 153
5 923 \+ 51595 51769 198 251 222 223
5 922 \+ 51476 51592 199 279 198 263
5 921 \+ 51441 51473 32 292 199 291
5 181 \: 51441 52359 32 292 195 73
5 934 \+ 53366 53621 440 297 555 255
5 933 \+ 53322 53363 513 311 440 309
5 920 \+ 51241 51438 285 353 136 311
5 932 \+ 53146 53319 508 352 513 323
5 919 \+ 51119 51239 220 380 285 365
5 931 \+ 52909 53143 365 406 508 364
5 918 \+ 50940 51116 184 421 220 392
5 917 \+ 50805 50938 32 460 184 433
5 180 \: 50805 51439 32 460 136 311
5 930 \+ 52739 52906 317 460 365 418
5 916 \+ 50612 50802 62 509 182 480
5 915 \+ 50433 50609 287 563 62 521
5 929 \+ 52681 52736 317 573 583 573
5 183 \: 52681 53622 317 573 555 255
5 914 \+ 50250 50430 229 604 287 575
5 913 \+ 50141 50247 237 631 229 616
5 928 \+ 52455 52678 317 633 572 593
5 912 \+ 49966 50139 202 672 237 643
5 911 \+ 49855 49963 216 699 202 684
5 927 \+ 52361 52452 317 710 492 698
5 182 \: 52361 52679 317 710 572 593
