= section3.gt 5 4
5 950 \+ 56769 57085 32 88 464 684
5 961 \+ 58736 58981 563 119 120 711
5 949 \+ 56591 56766 242 143 32 100
5 948 \+ 56498 56588 32 156 242 155
5 960 \+ 58544 58733 443 160 563 131
5 959 \+ 58406 58541 317 187 443 172
5 947 \+ 56256 56496 207 224 32 168
5 958 \+ 58243 58403 347 228 317 199
5 957 \+ 58159 58241 453 255 347 240
5 188 \: 56048 57216 32 276 530 657
5 946 \+ 56048 56253 32 276 207 236
5 945 \+ 55881 56045 160 326 119 297
5 944 \+ 55803 55878 63 339 160 338
5 956 \+ 57825 58156 482 337 453 267
5 943 \+ 55641 55800 53 380 63 351
5 190 \: 57683 59466 317 376 252 602
5 955 \+ 57683 57823 317 376 482 349
5 942 \+ 55487 55638 85 421 53 392
5 954 \+ 57509 57680 505 425 525 396
5 953 \+ 57416 57506 317 450 505 437
5 941 \+ 55314 55485 32 462 85 433
5 940 \+ 55074 55312 180 530 32 474
5 939 \+ 54879 55071 32 582 180 542
5 187 \: 54879 56046 32 582 119 297
5 952 \+ 57218 57413 317 636 503 596
5 189 \: 57218 57681 317 636 525 396
5 938 \+ 54576 54876 74 658 186 602
5 951 \+ 57087 57215 464 672 530 657
