= section3.gt 5 5
5 992 \+ 63738 64123 317 100 32 657
5 193 \: 63738 64509 317 100 77 562
5 977 \+ 61205 61360 32 107 317 711
5 191 \: 61205 62419 32 107 424 453
5 991 \+ 63551 63735 317 149 417 120
5 976 \+ 61067 61202 269 156 105 127
5 990 \+ 63426 63548 531 190 317 161
5 975 \+ 60842 61064 184 211 269 168
5 989 \+ 63178 63423 423 244 531 202
5 974 \+ 60595 60839 32 276 184 223
5 190 \: 60595 61203 32 276 105 127
5 988 \+ 62988 63176 316 285 423 256
5 973 \+ 60394 60592 123 326 287 297
5 987 \+ 62806 62985 534 339 316 297
5 972 \+ 60258 60391 233 367 123 338
5 985 \+ 62650 62685 316 367 486 379
5 986 \+ 62688 62804 486 367 534 351
5 984 \+ 62518 62647 507 407 316 379
5 971 \+ 60036 60255 214 421 233 379
5 983 \+ 62421 62515 317 432 507 419
5 192 \: 62421 63736 317 432 417 120
5 970 \+ 59821 60033 237 475 214 433
5 969 \+ 59753 59819 176 489 237 487
5 982 \+ 62170 62418 511 509 424 453
5 968 \+ 59650 59750 222 516 176 501
5 967 \+ 59590 59647 196 530 222 528
5 981 \+ 61963 62167 317 550 511 521
5 966 \+ 59486 59587 228 557 196 542
5 980 \+ 61881 61960 478 577 317 562
5 965 \+ 59403 59483 32 582 228 569
5 189 \: 59403 60593 32 582 287 297
5 979 \+ 61813 61878 386 590 478 589
5 964 \+ 59222 59400 220 631 252 602
5 963 \+ 59062 59219 278 672 220 643
5 962 \+ 58919 59060 120 699 278 684
5 978 \+ 61362 61811 317 699 386 602
