= section3.gt 5 5
5 1015 \+ 68978 69174 365 61 225 684
5 1003 \+ 66386 66439 247 75 235 73
5 1002 \+ 66227 66383 31 102 247 87
5 198 \: 68795 69175 317 113 225 684
5 1014 \+ 68795 68975 317 113 365 73
5 1013 \+ 68670 68792 531 149 572 134
5 1012 \+ 68490 68668 494 190 531 161
5 1001 \+ 65724 66224 32 224 31 114
5 1011 \+ 68219 68488 519 258 494 202
5 1000 \+ 65610 65722 32 263 32 236
5 195 \: 65610 66440 32 263 235 73
5 1010 \+ 68099 68216 463 285 519 270
5 999 \+ 65457 65607 32 299 274 283
5 1009 \+ 67797 68096 317 364 463 297
5 197 \: 67797 68793 317 364 572 134
5 998 \+ 65079 65455 139 394 32 311
5 997 \+ 64922 65076 172 435 139 406
5 1008 \+ 67421 67794 495 468 429 385
5 1007 \+ 67210 67418 554 522 495 480
5 996 \+ 64511 64919 32 543 172 447
5 194 \: 64511 65608 32 543 274 283
5 995 \+ 64357 64508 158 590 77 562
5 994 \+ 64249 64354 154 618 158 602
5 1006 \+ 66818 67207 553 618 554 534
5 993 \+ 64125 64246 32 645 154 630
5 1005 \+ 66548 66815 552 686 553 630
5 1004 \+ 66442 66545 317 710 552 698
5 196 \: 66442 67795 317 710 429 385
