= section3.gt 5 7
5 1014 \+ 71130 71478 92 92 438 670
5 1023 \+ 73090 73263 317 99 60 711
5 202 \: 70954 72020 32 147 377 534
5 1013 \+ 70954 71128 32 147 92 104
5 1012 \+ 70799 70951 155 194 123 165
5 205 \: 72981 73551 317 257 72 643
5 1022 \+ 72981 73087 317 257 579 244
5 1021 \+ 72852 72978 433 292 482 277
5 1011 \+ 70380 70797 32 300 155 206
5 201 \: 70380 70952 32 300 123 165
5 1020 \+ 72711 72850 534 333 433 304
5 1010 \+ 70139 70377 50 363 116 321
5 1019 \+ 72511 72708 347 374 534 345
5 1009 \+ 70002 70137 183 404 50 375
5 1018 \+ 72397 72509 317 412 347 386
5 204 \: 72397 72979 317 412 482 277
5 1008 \+ 69793 70000 205 458 183 416
5 1017 \+ 72022 72394 317 513 512 433
5 203 \: 72022 72395 317 513 512 433
5 1007 \+ 69532 69790 32 524 205 470
5 200 \: 69532 70378 32 524 116 321
5 1006 \+ 69455 69529 167 546 251 545
5 1005 \+ 69347 69452 175 574 167 558
5 1016 \+ 71748 72019 379 590 377 534
5 1004 \+ 69203 69344 32 609 175 586
5 199 \: 69203 69530 32 609 251 545
5 1015 \+ 71481 71745 438 658 379 602
