= section1.gt 3 4
3 77 \+ 2260 3050 183 93 540 124
3 76 \+ 1870 2258 189 188 183 105
3 85 \+ 4823 4920 508 212 157 711
3 75 \+ 1704 1867 203 229 189 200
3 74 \+ 1497 1701 32 269 203 241
3 84 \+ 4498 4820 508 293 508 224
3 18 \: 4352 5679 317 331 106 521
3 83 \+ 4352 4495 317 331 508 305
3 16 \: 1232 3637 32 348 440 616
3 73 \+ 1232 1494 32 348 32 281
3 82 \+ 4027 4349 317 419 519 352
3 72 \+ 870 1229 142 439 282 369
3 71 \+ 677 867 272 493 142 451
3 81 \+ 3989 4025 497 503 403 501
3 70 \+ 519 674 32 532 272 505
3 80 \+ 3639 3987 317 596 497 515
3 17 \: 3639 4350 317 596 519 352
3 69 \+ 472 517 125 611 84 610
3 79 \+ 3548 3636 539 631 440 616
3 68 \+ 400 469 32 639 125 623
3 15 \: 400 1230 32 639 282 369
3 67 \+ 220 397 58 686 76 657
