= section3.gt 5 4
5 1058 \+ 77295 77402 561 77 266 711
5 1057 \+ 77175 77293 510 104 561 89
5 1056 \+ 77101 77172 425 117 510 116
5 1045 \+ 75140 75228 222 132 125 116
5 1055 \+ 77007 77098 513 145 425 129
5 1044 \+ 74984 75138 269 172 222 144
5 1054 \+ 76853 77004 316 172 513 157
5 1043 \+ 74812 74982 184 213 269 184
5 211 \: 76693 77636 317 223 78 643
5 1053 \+ 76693 76850 317 223 316 184
5 1042 \+ 74560 74810 32 279 184 225
5 1052 \+ 76348 76690 535 328 348 244
5 1051 \+ 76257 76346 377 341 535 340
5 1050 \+ 76162 76254 464 368 377 353
5 1041 \+ 74501 74557 167 387 179 386
5 1040 \+ 74342 74498 243 428 167 399
5 1049 \+ 75907 76159 317 431 464 380
5 210 \: 75907 76691 317 431 348 244
5 1039 \+ 74244 74339 285 455 243 440
5 209 \: 73984 75876 32 521 425 506
5 1038 \+ 73984 74241 32 521 285 467
5 1048 \+ 75715 75875 469 535 425 506
5 1047 \+ 75520 75712 346 576 469 547
5 1037 \+ 73618 73981 32 625 224 542
5 208 \: 73618 73982 32 625 224 542
5 1046 \+ 75231 75517 317 655 346 588
5 1036 \+ 73331 73615 60 699 72 643
