= section3.gt 5 5
5 1071 \+ 82382 82650 458 73 119 670
5 1059 \+ 80112 80249 96 88 358 646
5 1070 \+ 82151 82379 424 128 458 85
5 1058 \+ 79858 80109 200 156 96 100
5 1069 \+ 81957 82148 562 182 424 140
5 215 \: 81858 82651 317 209 119 670
5 1068 \+ 81858 81955 317 209 562 194
5 1057 \+ 79504 79855 62 238 200 168
5 1067 \+ 81753 81855 399 254 360 239
5 1056 \+ 79399 79501 84 265 62 250
5 1066 \+ 81595 81750 476 295 399 266
5 212 \: 79168 80460 32 331 523 605
5 1055 \+ 79168 79396 32 331 84 277
5 1065 \+ 81326 81592 537 363 476 307
5 1054 \+ 78880 79165 247 407 287 351
5 1064 \+ 80993 81323 317 442 537 375
5 214 \: 80993 81856 317 442 360 239
5 1053 \+ 78674 78877 285 462 247 419
5 1052 \+ 78427 78671 172 516 285 474
5 1063 \+ 80698 80990 389 519 496 463
5 1062 \+ 80555 80696 507 560 389 531
5 1051 \+ 78239 78424 32 568 172 528
5 211 \: 78239 79166 32 568 287 351
5 1061 \+ 80462 80552 317 585 507 572
5 213 \: 80462 80991 317 585 496 463
5 1060 \+ 80252 80459 358 634 523 605
5 1050 \+ 77892 78236 215 658 287 589
