= section3.gt 5 4
5 1090 \+ 84384 84696 85 88 547 684
5 1101 \+ 86945 87185 452 102 281 711
5 1089 \+ 84160 84382 119 143 85 100
5 1100 \+ 86628 86943 525 183 452 114
5 1088 \+ 83774 84157 114 238 119 155
5 219 \: 83640 85198 32 276 548 562
5 1087 \+ 83640 83771 32 276 114 250
5 221 \: 86244 87612 317 276 194 602
5 1099 \+ 86244 86625 317 276 525 195
5 1098 \+ 86063 86241 462 326 505 297
5 1086 \+ 83419 83637 93 339 70 297
5 1097 \+ 85814 86060 563 394 462 338
5 1096 \+ 85626 85812 473 435 563 406
5 1085 \+ 82970 83416 221 462 93 351
5 1095 \+ 85399 85623 469 489 473 447
5 1084 \+ 82718 82968 32 530 221 474
5 218 \: 82718 83638 32 530 70 297
5 1094 \+ 85200 85396 317 541 469 501
5 220 \: 85200 86242 317 541 505 297
5 1093 \+ 85077 85197 492 577 548 562
5 1083 \+ 82447 82715 173 604 119 548
5 1092 \+ 84921 85074 563 618 492 589
5 1082 \+ 82216 82444 139 658 173 616
5 1091 \+ 84699 84918 547 672 563 630
