= section4.gt 6 3
6 737 \+ 9187 9489 411 113 272 684
6 728 \+ 6629 6947 227 120 500 684
6 228 \: 6540 8412 32 145 387 317
6 727 \+ 6540 6626 32 145 227 114
6 736 \+ 8889 9185 511 194 411 107
6 726 \+ 6291 6537 275 221 163 147
6 735 \+ 8732 8886 569 235 511 188
6 734 \+ 8493 8729 467 289 569 229
6 725 \+ 5942 6288 213 303 275 215
6 229 \: 8414 9710 317 314 236 630
6 733 \+ 8414 8490 317 314 467 283
6 724 \+ 5806 5939 86 330 213 297
6 732 \+ 8128 8411 372 391 387 317
6 723 \+ 5475 5803 32 425 86 324
6 227 \: 5475 6538 32 425 163 147
6 722 \+ 5283 5472 287 486 160 426
6 721 \+ 5082 5281 84 527 287 480
6 731 \+ 7613 8125 503 527 372 385
6 720 \+ 5011 5079 32 540 84 521
6 730 \+ 7272 7611 444 608 503 521
6 719 \+ 4493 5009 186 676 32 534
6 729 \+ 6950 7269 500 690 444 602
