= section4.gt 6 3
6 749 \+ 11867 12068 277 75 468 684
6 748 \+ 11783 11864 116 88 277 87
6 231 \: 11658 12872 32 127 558 442
6 747 \+ 11658 11781 32 127 116 100
6 758 \+ 13783 14247 372 128 200 684
6 757 \+ 13715 13780 316 141 372 140
6 746 \+ 11517 11655 180 163 287 147
6 756 \+ 13432 13712 550 223 316 153
6 745 \+ 11240 11514 179 231 180 175
6 744 \+ 11039 11237 32 271 179 243
6 743 \+ 10838 11036 145 326 32 283
6 755 \+ 13163 13429 413 342 550 235
6 754 \+ 13068 13161 490 370 413 354
6 232 \: 12874 14545 317 422 287 616
6 753 \+ 12874 13065 317 422 490 382
6 742 \+ 10370 10836 32 435 145 338
6 752 \+ 12642 12871 519 485 558 442
6 741 \+ 10116 10367 115 503 32 447
6 751 \+ 12411 12640 478 539 519 497
6 740 \+ 9820 10114 32 571 115 515
6 739 \+ 9712 9817 32 611 32 583
6 230 \: 9712 11656 32 611 287 147
6 738 \+ 9491 9709 272 672 236 630
6 750 \+ 12071 12408 468 672 478 551
