= section4.gt 6 4
6 770 \+ 16490 16609 66 106 98 73
6 780 \+ 19082 19371 550 113 282 684
6 769 \+ 16313 16487 267 161 66 100
6 779 \+ 18803 19079 316 167 550 107
6 768 \+ 16023 16310 201 229 267 155
6 767 \+ 15816 16021 255 283 201 223
6 766 \+ 15772 15813 32 294 255 277
6 234 \: 15772 16610 32 294 98 73
6 778 \+ 18136 18801 434 330 316 161
6 765 \+ 15519 15769 236 371 114 297
6 236 \: 17998 19475 317 368 232 657
6 777 \+ 17998 18133 317 368 434 324
6 764 \+ 15439 15516 142 385 236 365
6 776 \+ 17800 17995 433 432 371 371
6 763 \+ 15169 15436 202 453 142 379
6 762 \+ 14921 15166 54 507 202 447
6 775 \+ 17466 17797 428 513 433 426
6 761 \+ 14789 14918 177 548 54 501
6 774 \+ 17323 17463 553 554 428 507
6 773 \+ 17066 17320 389 608 553 548
6 760 \+ 14547 14787 32 614 177 542
6 233 \: 14547 15770 32 614 114 297
6 772 \+ 16858 17064 450 663 389 602
6 759 \+ 14250 14544 200 690 287 616
6 771 \+ 16612 16855 317 728 450 657
6 235 \: 16612 17996 317 728 371 371
