= section4.gt 6 5
6 988 \+ 25580 25967 502 61 243 630
6 987 \+ 25474 25577 552 88 502 73
6 978 \+ 22793 23029 32 107 363 698
6 238 \: 22793 24343 32 107 550 385
6 240 \: 25202 26689 317 154 188 453
6 986 \+ 25202 25471 317 154 552 100
6 977 \+ 22436 22790 89 197 178 127
6 985 \+ 25018 25199 513 203 564 175
6 976 \+ 22143 22433 32 265 89 209
6 984 \+ 24722 25015 475 271 513 215
6 975 \+ 21792 22140 32 358 32 277
6 237 \: 21792 22791 32 358 178 127
6 983 \+ 24345 24720 317 364 475 283
6 239 \: 24345 25200 317 364 564 175
6 974 \+ 21651 21789 134 394 249 379
6 973 \+ 21423 21648 123 448 134 406
6 982 \+ 23855 24342 348 482 550 385
6 972 \+ 21075 21420 93 530 123 460
6 971 \+ 20983 21072 185 557 93 542
6 981 \+ 23422 23853 389 590 348 494
6 970 \+ 20838 20980 276 598 185 569
6 980 \+ 23164 23420 476 658 389 602
6 969 \+ 20512 20835 32 677 276 610
6 236 \: 20512 21790 32 677 249 379
6 979 \+ 23032 23161 363 686 476 670
