= section4.gt 6 4
6 1213 \+ 29512 29724 470 63 155 670
6 1201 \+ 27112 27180 150 74 142 74
6 1212 \+ 29328 29509 378 104 470 75
6 1211 \+ 29121 29326 453 158 378 116
6 243 \: 28769 30071 317 249 287 462
6 1210 \+ 28769 29118 317 249 453 170
6 1200 \+ 26171 27109 110 271 150 83
6 1199 \+ 25970 26168 243 326 110 283
6 1209 \+ 28458 28731 411 380 402 324
6 1198 \+ 25580 25967 218 421 243 338
6 1208 \+ 28248 28456 461 435 411 392
6 1197 \+ 25474 25577 267 448 218 433
6 1207 \+ 28165 28246 317 459 461 447
6 242 \: 28165 28732 317 459 402 324
6 1206 \+ 28052 28162 408 495 402 480
6 1196 \+ 25202 25471 32 514 267 460
6 240 \: 25202 27181 32 514 142 74
6 1195 \+ 25018 25199 229 563 279 534
6 1205 \+ 27713 28049 450 577 408 507
6 1204 \+ 27547 27710 459 618 450 589
6 1194 \+ 24722 25015 190 631 229 575
6 1203 \+ 27438 27544 446 645 459 630
6 1202 \+ 27184 27435 317 710 446 657
6 241 \: 27184 28163 317 710 402 480
