= section4.gt 6 4
6 837 \+ 33325 33702 454 78 112 630
6 827 \+ 31053 31137 32 104 220 85
6 247 \: 30932 31733 32 142 486 492
6 826 \+ 30932 31050 32 142 32 98
6 836 \+ 32968 33323 317 159 454 72
6 825 \+ 30707 30929 122 206 125 145
6 835 \+ 32629 32965 316 241 317 153
6 249 \: 32468 33703 317 293 112 630
6 834 \+ 32468 32626 317 293 316 235
6 824 \+ 30285 30704 247 315 122 200
6 833 \+ 32369 32465 476 329 407 296
6 823 \+ 30074 30282 32 367 247 309
6 246 \: 30074 30930 32 367 125 145
6 832 \+ 31935 32366 520 438 476 323
6 822 \+ 29982 30071 131 482 282 462
6 831 \+ 31735 31932 317 490 520 432
6 248 \: 31735 32466 317 490 407 296
6 821 \+ 29741 29980 32 550 131 476
6 830 \+ 31516 31732 520 553 486 492
6 829 \+ 31281 31514 472 607 520 547
6 828 \+ 31140 31278 317 646 472 601
6 820 \+ 29728 29738 155 676 211 670
