= section1.gt 3 4
3 115 \+ 9743 10057 509 79 163 643
3 101 \+ 7138 7257 168 93 514 711
3 100 \+ 6924 7135 196 147 168 87
3 99 \+ 6728 6922 274 201 196 141
3 24 \: 9190 10058 317 213 163 643
3 114 \+ 9190 9740 317 213 509 73
3 22 \: 6629 8012 32 226 481 521
3 98 \+ 6629 6726 32 226 274 195
3 97 \+ 6512 6626 245 262 284 229
3 113 \+ 8981 9187 436 276 422 215
3 112 \+ 8821 8978 432 317 436 270
3 96 \+ 6139 6509 32 344 245 256
3 111 \+ 8678 8818 556 357 432 311
3 95 \+ 5972 6137 32 385 32 338
3 110 \+ 8544 8675 454 385 556 351
3 109 \+ 8341 8541 552 439 454 379
3 94 \+ 5684 5969 32 466 32 379
3 21 \: 5684 6627 32 466 284 229
3 108 \+ 8200 8339 418 466 552 433
3 107 \+ 8014 8197 317 518 418 460
3 23 \: 8014 9188 317 518 422 215
3 93 \+ 5487 5681 220 527 106 466
3 106 \+ 7828 8011 380 568 481 521
3 92 \+ 5269 5484 257 581 220 521
3 105 \+ 7737 7825 479 595 380 562
3 104 \+ 7646 7735 559 622 479 589
3 91 \+ 5055 5266 279 636 257 575
3 90 \+ 4926 5053 157 663 279 630
3 89 \+ 4826 4923 224 690 157 657
3 103 \+ 7341 7644 383 690 559 616
3 102 \+ 7260 7339 514 717 383 684
