= section4.gt 6 3
6 1039 \+ 36163 36364 293 87 451 698
6 1048 \+ 38157 38478 416 103 130 684
6 250 \: 36002 37368 32 126 393 325
6 1038 \+ 36002 36160 32 126 293 99
6 1047 \+ 37849 38154 516 184 416 115
6 1037 \+ 35665 35999 134 216 79 146
6 1036 \+ 35556 35662 158 243 134 228
6 1035 \+ 35435 35553 111 270 158 255
6 251 \: 37370 38479 317 305 130 684
6 1046 \+ 37370 37846 317 305 516 196
6 1034 \+ 35292 35432 254 311 111 282
6 1033 \+ 35137 35289 32 349 254 323
6 1045 \+ 37021 37367 316 395 393 325
6 1032 \+ 35086 35134 96 442 64 440
6 1044 \+ 36829 37018 462 449 316 407
6 1043 \+ 36731 36826 527 476 462 461
6 1042 \+ 36622 36729 546 503 527 488
6 1031 \+ 34813 35083 154 510 96 454
6 1041 \+ 36456 36619 317 542 546 515
6 1030 \+ 34568 34810 32 575 154 522
6 1029 \+ 34557 34565 180 625 225 637
6 1028 \+ 34367 34555 32 677 180 637
6 249 \: 34367 36000 32 677 79 146
6 1040 \+ 36367 36453 451 686 583 684
