= section4.gt 6 5
6 1060 \+ 41113 41250 32 66 450 670
6 254 \: 40938 42462 32 66 414 330
6 1069 \+ 43589 43819 317 100 225 684
6 256 \: 43288 44391 317 100 87 480
6 1059 \+ 40938 41110 91 129 138 87
6 1068 \+ 43288 43586 333 149 504 120
6 1058 \+ 40705 40935 137 197 91 141
6 1067 \+ 43080 43285 571 231 333 161
6 1066 \+ 42786 43078 317 312 571 243
6 255 \: 42464 43286 317 312 504 120
6 1057 \+ 40431 40702 32 317 137 209
6 253 \: 39965 40936 32 317 138 87
6 1056 \+ 39965 40429 56 353 268 338
6 1065 \+ 42464 42783 387 373 414 330
6 1055 \+ 39805 39962 253 394 56 365
6 1064 \+ 42238 42461 415 482 387 385
6 1054 \+ 39676 39802 208 503 253 406
6 1063 \+ 41809 42235 561 550 415 494
6 1053 \+ 39230 39674 62 571 208 515
6 1052 \+ 38928 39227 80 611 62 583
6 1062 \+ 41575 41807 351 618 561 562
6 1051 \+ 38764 38926 164 652 80 623
6 1061 \+ 41253 41573 450 658 351 630
6 1050 \+ 38621 38762 32 690 164 664
6 252 \: 38480 39963 32 690 268 338
