= section4.gt 6 4
6 1086 \+ 47327 47934 317 135 32 630
6 260 \: 47327 48521 317 135 134 494
6 1076 \+ 45057 45231 273 186 299 157
6 1075 \+ 44943 45054 32 211 273 198
6 1085 \+ 47026 47324 446 212 549 156
6 1084 \+ 46884 47023 316 239 446 224
6 1083 \+ 46554 46881 317 334 316 251
6 259 \: 46554 47325 317 334 549 156
6 1074 \+ 44878 44940 224 339 256 338
6 1082 \+ 46367 46551 434 381 496 353
6 1073 \+ 44620 44875 81 394 224 351
6 1081 \+ 46263 46364 498 409 434 393
6 1072 \+ 44394 44618 32 460 81 406
6 257 \: 44394 45232 32 460 299 157
6 1071 \+ 44225 44391 66 509 87 480
6 1080 \+ 45799 46261 317 517 498 421
6 1079 \+ 45574 45796 352 572 317 529
6 1078 \+ 45442 45571 573 613 352 584
6 1070 \+ 43823 44223 267 618 66 521
6 1077 \+ 45234 45440 317 665 573 625
6 258 \: 45234 46552 317 665 496 353
6 1069 \+ 43590 43820 225 672 267 630
