= section4.gt 6 4
6 1097 \+ 50367 50674 152 74 426 670
6 1107 \+ 52796 52903 434 96 150 670
6 1106 \+ 52464 52793 464 123 434 108
6 1096 \+ 50090 50364 257 128 152 86
6 1095 \+ 49892 50087 32 169 257 140
6 264 \: 52163 52794 317 175 150 670
6 1105 \+ 52363 52461 317 175 464 135
6 1094 \+ 49679 49889 120 210 32 181
6 1104 \+ 52163 52360 499 251 463 195
6 1093 \+ 49525 49676 217 278 120 222
6 1103 \+ 51885 52160 427 292 499 263
6 1092 \+ 49262 49522 32 371 217 290
6 1102 \+ 51704 51883 317 374 427 304
6 263 \: 51411 52161 317 374 463 195
6 1101 \+ 51411 51702 354 407 357 392
6 1091 \+ 48891 49260 73 489 238 487
6 1100 \+ 51301 51408 409 503 354 419
6 1090 \+ 48801 48888 275 530 73 501
6 261 \: 48516 50365 32 571 426 670
6 1089 \+ 48674 48798 32 571 275 542
6 1099 \+ 50935 51298 455 571 409 515
6 1088 \+ 48516 48671 248 645 134 589
6 1098 \+ 50677 50932 317 650 455 583
6 262 \: 50367 51409 317 650 357 392
