= section4.gt 6 6
6 1123 \+ 56619 56780 499 88 184 711
6 1114 \+ 53970 54148 239 101 287 72
6 268 \: 56467 58441 317 127 482 670
6 1122 \+ 56467 56616 317 127 499 100
6 1113 \+ 53809 53968 261 141 239 113
6 1112 \+ 53750 53807 171 155 261 153
6 1111 \+ 53607 53748 217 196 171 167
6 1121 \+ 56087 56464 392 217 566 147
6 1110 \+ 53406 53604 54 237 217 208
6 1109 \+ 53296 53403 32 277 54 249
6 265 \: 53296 54149 32 277 287 72
6 1120 \+ 55719 56083 488 312 392 229
6 1108 \+ 52964 53293 149 374 150 304
6 1119 \+ 55401 55716 562 394 488 324
6 1107 \+ 52863 52961 180 401 149 386
6 1118 \+ 55184 55398 317 448 562 406
6 267 \: 55184 56465 317 448 566 147
6 1106 \+ 52663 52860 32 453 180 413
6 264 \: 52663 53294 32 453 150 304
6 1105 \+ 52385 52660 215 530 178 474
6 1117 \+ 54745 55181 524 563 439 466
6 1104 \+ 52204 52383 143 571 215 542
6 1116 \+ 54381 54742 374 645 524 575
6 1103 \+ 51911 52202 32 652 143 583
6 263 \: 51911 52661 32 652 178 474
6 1102 \+ 51801 51908 69 686 72 670
6 1115 \+ 54151 54378 317 710 374 657
6 266 \: 54151 55182 317 710 439 466
