= section4.gt 6 3
6 1352 \+ 57501 57621 289 92 317 711
6 1366 \+ 60018 60232 500 102 156 711
6 1351 \+ 57378 57498 243 119 289 104
6 1365 \+ 59822 60016 373 143 500 114
6 1350 \+ 57161 57376 256 174 243 131
6 272 \: 59594 60472 317 208 224 657
6 1364 \+ 59594 59820 317 208 373 155
6 1349 \+ 56950 57158 32 226 256 186
6 1363 \+ 59308 59591 427 285 454 229
6 1362 \+ 58988 59305 511 367 427 297
6 1361 \+ 58875 58985 499 394 511 379
6 1360 \+ 58714 58872 562 435 499 406
6 1359 \+ 58651 58711 524 448 562 447
6 1358 \+ 58443 58648 317 500 524 460
6 271 \: 58443 59592 317 500 454 229
6 1348 \+ 56932 56947 110 516 184 528
6 1347 \+ 56782 56929 184 557 110 528
6 1357 \+ 58225 58440 479 563 482 521
6 1346 \+ 56619 56780 215 598 184 569
6 1345 \+ 56467 56616 32 636 215 610
6 270 \: 56467 58441 32 636 482 521
6 1356 \+ 57850 58222 571 658 479 575
6 1355 \+ 57790 57848 532 672 571 670
6 1353 \+ 57624 57670 317 699 526 711
6 1354 \+ 57673 57788 526 699 532 684
