= section4.gt 6 6
6 970 \+ 61792 62070 32 106 316 670
6 275 \: 61792 62804 32 106 572 507
6 980 \+ 64129 64249 317 112 119 711
6 278 \: 64129 64950 317 112 89 534
6 969 \+ 61456 61789 32 183 287 109
6 979 \+ 63900 64090 369 215 470 168
6 968 \+ 61256 61454 120 237 32 177
6 967 \+ 61124 61254 32 276 120 231
6 978 \+ 63553 63898 317 308 369 209
6 277 \: 63553 64091 317 308 470 168
6 977 \+ 63389 63550 471 357 436 311
6 966 \+ 61045 61121 32 393 138 363
6 274 \: 61045 61790 32 393 287 109
6 965 \+ 60931 61042 277 429 281 396
6 976 \+ 62980 63386 365 453 471 351
6 964 \+ 60770 60928 32 470 277 423
6 975 \+ 62806 62978 317 505 365 447
6 276 \: 62806 63551 317 505 436 311
6 974 \+ 62555 62803 491 568 572 507
6 963 \+ 60741 60767 32 575 159 569
6 973 \+ 62413 62552 351 595 491 562
6 962 \+ 60600 60738 112 616 32 569
6 972 \+ 62293 62410 317 622 351 589
6 961 \+ 60474 60598 32 654 112 610
6 273 \: 60474 61043 32 654 281 396
6 971 \+ 62073 62291 316 676 317 616
6 960 \+ 60234 60471 156 717 224 657
