= section4.gt 6 5
6 1182 \+ 68132 68470 67 75 428 657
6 1191 \+ 70331 70560 477 95 32 684
6 1181 \+ 67961 68129 284 129 67 87
6 1180 \+ 67846 67958 235 156 284 141
6 282 \: 69871 70974 317 215 166 589
6 1190 \+ 69871 70329 317 215 477 107
6 1179 \+ 67580 67843 285 224 235 168
6 280 \: 67479 68471 32 249 428 657
6 1178 \+ 67479 67577 32 249 285 236
6 1189 \+ 69628 69868 454 278 538 236
6 1177 \+ 67248 67476 180 312 254 270
6 1176 \+ 67013 67245 147 367 180 324
6 1188 \+ 69203 69625 317 385 454 290
6 1175 \+ 66811 67011 251 421 147 379
6 1174 \+ 66646 66808 231 462 251 433
6 1187 \+ 69119 69200 542 475 392 460
6 1173 \+ 66452 66643 32 514 231 474
6 279 \: 66452 67477 32 514 254 270
6 1186 \+ 68851 69116 570 543 542 487
6 1185 \+ 68632 68849 317 584 570 555
6 1172 \+ 66163 66449 203 590 284 534
6 1184 \+ 68543 68629 407 611 317 596
6 1171 \+ 66026 66160 84 618 203 602
6 1183 \+ 68473 68540 317 636 407 623
6 281 \: 68473 69869 317 636 538 236
6 1170 \+ 65694 66023 32 710 84 630
6 278 \: 65694 66450 32 710 284 534
