= section4.gt 6 4
6 1204 \+ 73406 73676 437 96 146 684
6 1203 \+ 73214 73403 317 148 437 108
6 1196 \+ 71471 71890 32 170 252 76
6 283 \: 71471 71891 32 170 252 76
6 1195 \+ 71128 71468 117 260 166 191
6 1194 \+ 71058 71126 32 274 117 272
6 285 \: 73019 74201 317 287 83 513
6 1202 \+ 73019 73211 317 287 481 245
6 1193 \+ 70826 71055 192 342 32 286
6 1201 \+ 72672 73016 317 389 392 306
6 1192 \+ 70366 70824 32 462 192 354
6 282 \: 70366 71469 32 462 166 191
6 1191 \+ 70123 70363 169 525 253 483
6 1200 \+ 72564 72669 355 536 344 521
6 1199 \+ 72352 72561 398 590 355 548
6 1190 \+ 69698 70120 32 632 169 537
6 1198 \+ 72134 72349 431 645 398 602
6 1197 \+ 71893 72132 317 710 431 657
6 284 \: 71893 73017 317 710 392 306
