= section4.gt 6 3
6 1223 \+ 76521 76636 32 72 373 698
6 288 \: 76521 77897 32 72 421 385
6 1234 \+ 78980 79181 448 95 66 698
6 1222 \+ 76365 76518 74 108 257 93
6 1221 \+ 76264 76362 110 135 74 120
6 1233 \+ 78821 78977 483 135 448 107
6 1220 \+ 76188 76261 277 163 110 147
6 1219 \+ 75921 76186 256 231 277 175
6 1232 \+ 78451 78818 562 231 483 147
6 1218 \+ 75706 75918 32 283 256 243
6 287 \: 75706 76519 32 283 257 93
6 1231 \+ 78173 78448 316 285 562 243
6 1230 \+ 78065 78170 345 312 316 297
6 1217 \+ 75470 75703 147 346 223 303
6 289 \: 77899 79406 317 367 79 643
6 1229 \+ 77899 78063 317 367 345 324
6 1216 \+ 75273 75467 32 386 147 358
6 1228 \+ 77682 77896 421 427 421 385
6 1215 \+ 75018 75270 118 454 32 398
6 1214 \+ 74838 75015 32 495 118 466
6 1213 \+ 74719 74835 226 536 32 507
6 1227 \+ 77247 77679 437 536 421 439
6 1226 \+ 77136 77244 409 563 437 548
6 1212 \+ 74279 74716 172 645 226 548
6 1225 \+ 76778 77133 519 658 409 575
6 1211 \+ 74149 74277 58 672 172 657
6 1224 \+ 76639 76775 373 686 519 670
