= section1.gt 3 5
3 138 \+ 14710 14866 402 90 98 711
3 127 \+ 12326 12581 32 102 551 711
3 27 \: 14582 15653 317 126 237 455
3 137 \+ 14582 14707 317 126 402 102
3 126 \+ 12044 12323 54 170 32 114
3 125 \+ 11809 12041 32 224 54 182
3 136 \+ 14372 14543 466 251 507 223
3 24 \: 11580 13046 32 290 571 602
3 124 \+ 11580 11806 32 290 32 236
3 135 \+ 14171 14369 317 304 466 263
3 26 \: 14171 14544 317 304 507 223
3 134 \+ 13857 14168 436 380 567 324
3 123 \+ 11169 11577 82 394 180 311
3 122 \+ 11029 11166 199 435 82 406
3 133 \+ 13561 13855 374 448 436 392
3 132 \+ 13335 13558 387 503 374 460
3 121 \+ 10682 11026 106 516 199 447
3 131 \+ 13220 13332 392 530 387 515
3 120 \+ 10591 10679 204 543 106 528
3 119 \+ 10516 10588 128 557 204 555
3 130 \+ 13048 13217 317 581 392 542
3 25 \: 13048 14169 317 581 567 324
3 118 \+ 10335 10513 32 598 128 569
3 117 \+ 10243 10332 142 625 32 610
3 129 \+ 12775 13045 400 645 571 602
3 116 \+ 10058 10241 32 677 142 637
3 23 \: 10058 11578 32 677 180 311
3 128 \+ 12584 12773 551 699 400 657
