= section4.gt 6 6
6 1449 \+ 80269 80560 201 88 531 684
6 1448 \+ 80088 80266 132 129 201 100
6 1460 \+ 82525 82675 523 130 455 101
6 1459 \+ 82334 82522 417 171 523 142
6 290 \: 79903 80561 32 181 531 684
6 1447 \+ 79903 80085 32 181 132 141
6 1458 \+ 82174 82331 406 212 417 183
6 1446 \+ 79679 79900 66 244 79 202
6 1457 \+ 82049 82172 317 250 406 224
6 294 \: 82049 82676 317 250 455 101
6 1445 \+ 79475 79676 164 299 66 256
6 1456 \+ 81890 82046 454 300 448 271
6 1444 \+ 79316 79472 198 339 164 311
6 1455 \+ 81629 81888 500 368 454 312
6 1454 \+ 81425 81626 317 422 500 380
6 293 \: 81425 82047 317 422 448 271
6 1443 \+ 78946 79313 277 435 198 351
6 1442 \+ 78668 78943 32 489 277 447
6 1453 \+ 81093 81422 363 510 357 440
6 1441 \+ 78560 78665 61 516 32 501
6 1452 \+ 80922 81090 317 562 363 522
6 292 \: 80922 81423 317 562 357 440
6 1440 \+ 78394 78558 32 571 61 528
6 289 \: 78394 79901 32 571 79 202
6 1451 \+ 80757 80919 438 611 442 583
6 1439 \+ 78177 78391 137 631 137 589
6 1450 \+ 80563 80754 317 666 438 623
6 291 \: 80563 80920 317 666 442 583
