= section4.gt 6 4
6 1083 \+ 87513 87648 405 93 214 711
6 1073 \+ 85006 85123 186 103 486 711
6 1082 \+ 87393 87510 366 120 405 87
6 1081 \+ 87314 87391 521 147 366 114
6 1080 \+ 87053 87311 369 201 521 141
6 1072 \+ 84475 85003 238 239 186 97
6 1079 \+ 86856 87050 541 256 369 195
6 298 \: 84274 85430 32 291 344 630
6 1071 \+ 84274 84472 32 291 238 233
6 300 \: 86589 88151 317 322 184 589
6 1078 \+ 86589 86854 317 322 541 250
6 1070 \+ 83829 84271 145 409 153 294
6 1077 \+ 86149 86586 396 439 392 324
6 1069 \+ 83633 83827 262 463 145 403
6 1076 \+ 85757 86146 358 534 396 433
6 1068 \+ 83160 83630 108 572 262 457
6 1075 \+ 85432 85754 317 627 358 528
6 299 \: 85432 86587 317 627 392 324
6 1067 \+ 82713 83158 32 689 108 566
6 297 \: 82713 84272 32 689 153 294
6 1074 \+ 85126 85429 486 717 344 630
