= section4.gt 6 3
6 1492 \+ 90912 90968 360 112 409 111
6 1491 \+ 90627 90910 316 180 360 124
6 1490 \+ 90458 90624 317 221 316 192
6 301 \: 90083 92145 317 328 136 368
6 1489 \+ 90083 90456 317 328 317 233
6 1488 \+ 89893 90080 523 377 572 348
6 1487 \+ 89840 89890 569 391 523 389
6 1482 \+ 88796 88885 169 407 59 392
6 1486 \+ 89657 89838 481 431 569 403
6 1481 \+ 88600 88793 74 448 169 419
6 1480 \+ 88541 88597 32 462 74 460
6 1485 \+ 89440 89655 457 486 481 443
6 1484 \+ 89244 89437 317 537 457 498
6 300 \: 89244 90081 317 537 572 348
6 299 \: 88152 89242 32 568 441 559
6 1479 \+ 88152 88538 32 568 32 474
6 1483 \+ 88888 89241 317 639 441 559
6 1478 \+ 87650 88149 214 699 184 589
