= section4.gt 6 3
6 1291 \+ 93871 94377 187 112 488 77
6 1299 \+ 96970 97054 377 135 261 698
6 1290 \+ 93671 93869 235 140 187 121
6 1292 \+ 94381 94730 32 183 427 630
6 303 \: 94381 96208 32 183 562 276
6 1298 \+ 96657 96968 363 190 377 147
6 1289 \+ 93226 93668 238 244 235 149
6 304 \: 96210 97435 317 255 120 575
6 1297 \+ 96431 96654 317 255 363 202
6 1288 \+ 92761 93224 116 353 238 256
6 1295 \+ 95579 96034 456 414 537 317
6 1287 \+ 92425 92759 74 435 116 365
6 1286 \+ 92145 92423 32 516 74 447
6 302 \: 92145 94378 32 516 488 77
6 1294 \+ 95030 95577 525 550 456 426
6 1285 \+ 91890 92142 32 577 136 534
6 1293 \+ 94733 95027 427 618 525 562
