= section4.gt 6 4
6 1519 \+ 99818 100266 278 61 357 602
6 1526 \+ 101907 102148 317 88 32 711
6 1518 \+ 99374 99815 205 102 278 73
6 306 \: 98937 99816 32 167 357 602
6 1517 \+ 99192 99372 32 167 205 114
6 1525 \+ 101739 101904 554 170 317 100
6 1524 \+ 101460 101736 412 238 554 182
6 1523 \+ 101151 101457 463 306 412 250
6 308 \: 100712 102522 317 357 246 575
6 1522 \+ 100896 101149 317 357 463 318
6 1516 \+ 98937 99189 249 380 79 188
6 1515 \+ 98154 98934 88 435 249 392
6 1514 \+ 97888 98151 64 462 88 447
6 1521 \+ 100712 100894 488 475 436 379
6 1513 \+ 97766 97885 32 557 64 474
6 305 \: 97437 98935 32 557 79 188
6 1520 \+ 100268 100709 317 584 488 487
6 307 \: 99818 100710 317 584 436 379
6 1512 \+ 97437 97763 240 604 120 575
6 1511 \+ 97294 97434 156 658 240 616
6 1510 \+ 97057 97291 261 686 156 670
