= section5.gt 7 3
7 1342 \+ 11540 11605 574 67 80 698
7 1332 \+ 8801 9086 32 107 344 684
7 310 \: 8801 10760 32 107 493 276
7 1341 \+ 11226 11537 433 135 574 79
7 1331 \+ 8470 8798 268 197 207 127
7 1340 \+ 10963 11223 528 203 433 147
7 1330 \+ 8397 8467 32 221 268 209
7 311 \: 10762 12563 317 256 66 466
7 1339 \+ 10762 10961 317 256 528 215
7 1338 \+ 10531 10759 486 318 493 276
7 1329 \+ 8345 8394 153 355 117 354
7 1337 \+ 10245 10528 436 386 486 330
7 1328 \+ 8069 8342 168 423 153 367
7 1336 \+ 10082 10242 456 427 436 398
7 1327 \+ 7826 8066 32 486 168 435
7 309 \: 7826 8799 32 486 207 127
7 1335 \+ 9763 10079 441 509 456 439
7 1326 \+ 7648 7787 101 577 246 562
7 1334 \+ 9338 9761 478 618 441 521
7 1325 \+ 7461 7645 287 631 101 589
7 1324 \+ 7311 7458 118 658 287 643
7 1333 \+ 9089 9335 344 672 478 630
7 1323 \+ 7166 7308 258 699 118 670
