= section4.gt 6 5
6 1362 \+ 111361 111766 340 75 235 643
6 1351 \+ 109044 109335 286 120 415 698
6 313 \: 111144 113711 317 141 79 154
6 1361 \+ 111144 111359 317 141 340 87
6 1350 \+ 108774 109041 32 175 286 132
6 1360 \+ 110881 111141 498 217 439 161
6 1349 \+ 108546 108771 281 243 32 187
6 1359 \+ 110649 110878 397 272 498 229
6 1358 \+ 110428 110647 400 326 397 284
6 1348 \+ 108060 108544 87 352 281 255
6 1357 \+ 110247 110426 317 381 400 338
6 312 \: 110247 111142 317 381 439 161
6 310 \: 107779 109336 32 431 415 698
6 1347 \+ 107779 108058 32 431 87 364
6 1356 \+ 110069 110244 316 428 340 399
6 1346 \+ 107654 107776 123 467 180 451
6 1355 \+ 109894 110066 558 482 316 440
6 1345 \+ 107550 107652 172 494 123 479
6 1354 \+ 109541 109891 476 564 558 494
6 1353 \+ 109460 109538 317 588 476 576
6 1344 \+ 107137 107548 32 598 172 506
6 309 \: 107137 107777 32 598 180 451
6 1352 \+ 109338 109457 317 677 470 651
6 311 \: 109338 110245 317 677 340 399
