= section4.gt 6 2
6 1382 \+ 116508 116782 371 81 108 670
6 1373 \+ 113721 114096 32 135 532 698
6 314 \: 113721 114655 32 135 488 562
6 1381 \+ 116121 116506 421 176 371 93
6 1380 \+ 115740 116118 414 271 421 188
6 1372 \+ 113112 113718 159 291 79 154
6 1371 \+ 112992 113109 127 318 159 303
6 1379 \+ 115343 115737 399 367 414 283
6 1370 \+ 112742 112989 262 386 127 330
6 1378 \+ 115068 115340 418 435 399 379
6 1369 \+ 112525 112739 273 441 262 398
6 1377 \+ 114932 115065 563 475 418 447
6 1368 \+ 112351 112523 205 482 273 453
6 1367 \+ 112206 112349 268 522 205 494
6 315 \: 114657 116783 317 541 108 670
6 1376 \+ 114657 114929 317 541 563 487
6 1366 \+ 112080 112203 157 550 268 534
6 1375 \+ 114370 114654 474 618 488 562
6 1365 \+ 111777 112077 235 631 157 562
6 1374 \+ 114099 114367 532 686 474 630
