= section5.gt 7 2
7 1386 \+ 16529 17056 171 220 354 711
7 320 \: 18603 20719 317 230 81 249
7 1393 \+ 18603 18857 317 230 548 177
7 1385 \+ 16393 16526 205 261 171 232
7 1392 \+ 18438 18600 317 278 572 251
7 1384 \+ 16264 16391 54 288 205 273
7 1391 \+ 18391 18435 510 367 463 365
7 1390 \+ 18027 18388 317 460 510 379
7 319 \: 18027 18601 317 460 572 251
7 1383 \+ 15695 16261 260 465 54 300
7 1389 \+ 17800 18024 464 522 515 480
7 1382 \+ 15410 15692 78 557 260 477
7 1388 \+ 17462 17797 421 604 464 534
7 1381 \+ 15177 15407 32 625 78 569
7 1380 \+ 15141 15174 119 686 287 698
7 1387 \+ 17059 17459 354 699 421 616
