= section4.gt 6 3
6 1407 \+ 124297 124711 221 67 383 616
6 1413 \+ 126275 126632 317 144 217 711
6 322 \: 126275 128399 317 144 67 276
6 1406 \+ 123891 124294 109 163 221 79
6 1412 \+ 125900 126272 317 245 521 164
6 1405 \+ 123510 123889 136 258 109 175
6 1411 \+ 125646 125897 426 341 512 285
6 1404 \+ 123112 123507 135 353 136 270
6 1410 \+ 125399 125644 317 432 426 353
6 321 \: 125399 126273 317 432 521 164
6 320 \: 122581 125397 32 487 493 453
6 1403 \+ 122581 123109 32 487 135 365
6 1409 \+ 124945 125396 447 550 493 453
6 1402 \+ 122150 122578 175 604 88 507
6 1408 \+ 124713 124942 383 604 447 562
6 1401 \+ 121850 122147 61 672 175 616
