= section1.gt 3 3
3 162 \+ 19060 19375 486 84 143 657
3 151 \+ 16623 16836 192 114 166 72
3 161 \+ 18895 19058 478 124 486 96
3 150 \+ 16465 16620 165 155 192 126
3 149 \+ 16350 16463 104 182 165 167
3 160 \+ 18671 18892 462 179 478 136
3 148 \+ 16136 16348 142 237 104 194
3 147 \+ 16011 16133 32 275 142 249
3 159 \+ 18292 18668 539 274 462 191
3 158 \+ 18120 18289 496 315 539 286
3 146 \+ 15865 16009 289 382 193 354
3 145 \+ 15769 15863 69 396 289 394
3 30 \: 17804 19376 317 396 143 657
3 157 \+ 17804 18118 317 396 496 327
3 144 \+ 15655 15767 32 435 69 408
3 28 \: 15655 16837 32 435 166 72
3 156 \+ 17560 17801 346 457 457 415
3 143 \+ 15541 15652 216 470 237 455
3 155 \+ 17447 17558 316 484 346 469
3 142 \+ 15334 15539 32 511 216 482
3 141 \+ 15131 15332 98 565 32 523
3 154 \+ 17173 17445 317 563 316 496
3 140 \+ 14899 15128 32 631 98 577
3 153 \+ 16989 17171 535 672 366 630
3 139 \+ 14868 14897 98 699 254 711
3 152 \+ 16839 16986 317 710 535 684
3 29 \: 16839 17802 317 710 457 415
