= section4.gt 6 2
6 1419 \+ 128945 129258 114 122 316 698
6 1429 \+ 131344 131738 550 127 287 684
6 1428 \+ 131101 131341 470 181 550 139
6 1427 \+ 130937 131098 466 222 470 193
6 1418 \+ 128500 128942 90 231 114 134
6 1426 \+ 130539 130935 420 317 466 234
6 323 \: 128160 129386 32 324 350 670
6 1417 \+ 128160 128497 32 324 90 243
6 1416 \+ 128022 128157 131 359 269 344
6 1425 \+ 130364 130536 356 358 420 329
6 1424 \+ 130138 130361 349 412 356 370
6 1415 \+ 127728 128019 32 427 131 371
6 1423 \+ 129864 130135 373 480 349 424
6 1414 \+ 127340 127726 278 536 32 439
6 1422 \+ 129633 129862 569 548 373 492
6 324 \: 129413 131739 317 598 287 684
6 1421 \+ 129413 129630 317 598 569 560
6 1413 \+ 126852 127337 89 645 278 548
6 1420 \+ 129260 129385 316 686 350 670
