= section5.gt 7 4
7 1449 \+ 30543 30715 489 61 273 684
7 1438 \+ 28094 28266 274 68 316 670
7 1448 \+ 30398 30541 553 102 489 73
7 1447 \+ 30272 30395 442 129 553 114
7 1437 \+ 27741 28091 192 149 274 80
7 1436 \+ 27660 27738 32 174 192 161
7 1446 \+ 29969 30269 520 211 442 141
7 327 \: 27538 28445 32 263 340 630
7 1435 \+ 27538 27657 32 263 186 236
7 1445 \+ 29561 29966 340 306 520 223
7 1434 \+ 27244 27535 286 353 131 283
7 329 \: 29344 31911 317 372 79 385
7 1444 \+ 29344 29559 317 372 340 318
7 1433 \+ 26974 27241 32 407 286 365
7 1443 \+ 29081 29341 498 448 439 392
7 1432 \+ 26746 26971 281 475 32 419
7 1442 \+ 28849 29078 397 503 498 460
7 1441 \+ 28628 28847 400 557 397 515
7 1431 \+ 26260 26744 87 584 281 487
7 1440 \+ 28447 28626 317 611 400 569
7 328 \: 28447 29342 317 611 439 392
7 1439 \+ 28269 28444 316 658 340 630
7 1430 \+ 25979 26258 32 664 87 596
7 326 \: 25979 27536 32 664 131 283
7 1429 \+ 25854 25976 123 699 180 684
