= section5.gt 7 3
7 1458 \+ 44467 44824 317 85 217 657
7 332 \: 44467 46591 317 85 67 222
7 1451 \+ 42083 42486 109 95 505 657
7 1450 \+ 41702 42081 136 190 109 107
7 1457 \+ 44092 44464 317 186 521 105
7 1456 \+ 43838 44089 426 277 512 221
7 1449 \+ 41304 41699 135 285 136 202
7 1455 \+ 43591 43836 317 364 426 289
7 331 \: 43591 44465 317 364 521 105
7 330 \: 40773 43589 32 419 493 385
7 1448 \+ 40773 41301 32 419 135 297
7 1454 \+ 43137 43588 447 482 493 385
7 1447 \+ 40342 40770 175 536 88 439
7 1453 \+ 42905 43134 383 536 447 494
7 1446 \+ 40042 40339 61 604 175 548
7 1452 \+ 42489 42903 505 645 383 548
7 1445 \+ 39780 40039 173 672 61 616
