= section5.gt 7 3
7 1474 \+ 49391 49552 466 78 185 698
7 1465 \+ 46933 47382 113 108 414 657
7 1473 \+ 48993 49389 420 173 466 90
7 333 \: 46593 47699 32 203 342 575
7 1464 \+ 46593 46930 32 203 113 120
7 1472 \+ 48818 48990 356 214 420 185
7 1463 \+ 46455 46590 197 250 67 222
7 1471 \+ 48592 48815 349 268 356 226
7 1462 \+ 46161 46452 114 318 197 262
7 1470 \+ 48318 48589 373 336 349 280
7 1469 \+ 48087 48316 569 404 373 348
7 1461 \+ 45773 46159 129 414 114 330
7 335 \: 47867 50193 317 453 287 548
7 1468 \+ 47867 48084 317 453 569 416
7 1460 \+ 45251 45770 89 536 129 426
7 1467 \+ 47701 47839 317 555 464 528
7 334 \: 47701 47840 317 555 464 528
7 1459 \+ 44827 45248 217 645 89 548
7 1466 \+ 47385 47698 414 645 342 575
