= section5.gt 7 3
7 1715 \+ 37456 37620 508 61 207 684
7 1706 \+ 34701 34975 86 108 393 698
7 1714 \+ 37015 37453 464 170 508 73
7 1705 \+ 34314 34699 137 203 86 120
7 1713 \+ 36774 37013 391 224 464 182
7 1704 \+ 33933 34311 130 299 137 215
7 339 \: 36371 37621 317 331 207 684
7 1712 \+ 36371 36771 317 331 391 236
7 1703 \+ 33536 33930 115 394 130 311
7 1711 \+ 35893 36368 408 448 570 351
7 1702 \+ 33261 33533 133 462 115 406
7 1701 \+ 33125 33258 278 503 133 474
7 1710 \+ 35613 35890 399 516 408 460
7 1709 \+ 35457 35610 476 557 399 528
7 337 \: 32850 34976 32 568 393 698
7 1700 \+ 32850 33122 32 568 278 515
7 1708 \+ 35214 35454 367 611 476 569
7 1699 \+ 32563 32847 190 645 204 589
7 1707 \+ 34978 35211 317 677 367 623
7 338 \: 34978 36369 317 677 570 351
