= section5.gt 7 3
7 1725 \+ 44828 45249 217 101 374 657
7 1732 \+ 47386 47699 414 108 58 684
7 344 \: 44468 46592 32 194 352 330
7 1724 \+ 44468 44825 32 194 217 113
7 1731 \+ 46934 47383 397 217 414 120
7 1723 \+ 44093 44465 32 295 237 214
7 345 \: 46594 47700 317 312 58 684
7 1730 \+ 46594 46931 317 312 397 229
7 1729 \+ 46456 46591 482 359 352 330
7 1728 \+ 46162 46453 398 427 482 371
7 1722 \+ 43590 43634 32 460 279 460
7 343 \: 43590 44466 32 460 237 214
7 1727 \+ 45774 46160 414 522 398 439
7 1721 \+ 43136 43587 163 577 208 480
7 1720 \+ 42904 43133 98 631 163 589
7 1726 \+ 45252 45771 374 645 414 534
