= section5.gt 7 4
7 1754 \+ 49801 50195 266 91 572 657
7 1753 \+ 49558 49798 185 146 266 103
7 1752 \+ 49394 49555 182 186 185 158
7 1761 \+ 52346 52604 562 211 187 711
7 1760 \+ 52126 52344 560 265 562 223
7 1751 \+ 48996 49392 135 282 182 198
7 1750 \+ 48821 48993 72 322 135 294
7 1749 \+ 48595 48818 64 377 72 334
7 349 \: 51646 52605 317 387 187 711
7 1759 \+ 51646 52124 317 387 560 277
7 1748 \+ 48321 48592 88 445 64 389
7 1758 \+ 51410 51643 554 462 363 406
7 1747 \+ 48090 48319 284 513 88 457
7 1757 \+ 50642 50895 424 516 540 474
7 347 \: 47870 50196 32 562 572 657
7 1746 \+ 47870 48087 32 562 284 525
7 1756 \+ 50447 50640 551 571 424 528
7 1755 \+ 50198 50444 317 636 551 583
7 348 \: 50198 51644 317 636 363 406
7 1745 \+ 47704 47842 32 664 179 637
7 346 \: 47704 47843 32 664 179 637
