= section5.gt 7 3
7 1764 \+ 55383 55703 176 129 385 698
7 1776 \+ 57627 58050 317 149 242 698
7 1763 \+ 55239 55381 281 170 176 141
7 1762 \+ 55103 55237 161 197 281 182
7 1775 \+ 57617 57624 557 217 340 215
7 352 \: 54907 56576 32 249 487 494
7 1761 \+ 54907 55100 32 249 161 209
7 1774 \+ 57306 57615 382 285 557 229
7 1760 \+ 54738 54904 154 299 148 270
7 1773 \+ 57070 57303 504 353 382 297
7 1759 \+ 54421 54735 230 380 154 311
7 1772 \+ 56945 57068 386 380 504 365
7 1758 \+ 54258 54419 225 421 230 392
7 1770 \+ 56767 56794 377 421 510 433
7 1771 \+ 56797 56942 510 421 386 392
7 353 \: 56578 59079 317 473 286 630
7 1769 \+ 56578 56765 317 473 377 433
7 1768 \+ 56463 56575 487 509 487 494
7 1757 \+ 53883 54255 256 516 225 433
7 1756 \+ 53710 53880 197 557 256 528
7 1767 \+ 56158 56460 354 577 487 521
7 1755 \+ 53467 53708 107 611 197 569
7 1766 \+ 55865 56155 317 645 354 589
7 1754 \+ 53342 53464 32 650 107 623
7 351 \: 53342 54905 32 650 148 270
7 1753 \+ 53226 53339 164 686 179 670
7 1765 \+ 55705 55863 385 686 317 657
