= section5.gt 7 5
7 1590 \+ 63215 63374 317 183 31 698
7 358 \: 63215 65699 317 183 184 412
7 1580 \+ 60706 60985 214 197 478 670
7 355 \: 60555 61071 32 235 395 608
7 1579 \+ 60555 60703 32 235 214 209
7 1578 \+ 60453 60552 32 258 227 256
7 1589 \+ 62910 63212 465 270 345 201
7 1588 \+ 62214 62306 538 298 447 282
7 1577 \+ 60201 60451 133 326 32 270
7 1587 \+ 62060 62211 351 325 538 310
7 1576 \+ 60036 60198 130 367 133 338
7 1575 \+ 59940 60033 200 394 130 379
7 1586 \+ 61784 62057 395 393 351 337
7 1574 \+ 59840 59937 274 421 190 406
7 1585 \+ 61555 61781 317 459 395 405
7 357 \: 61555 63213 317 459 345 201
7 1573 \+ 59620 59837 261 475 274 433
7 1584 \+ 61470 61552 429 481 550 479
7 1572 \+ 59481 59617 104 503 261 487
7 1583 \+ 61262 61467 481 535 429 493
7 1571 \+ 59223 59478 179 571 104 515
7 1570 \+ 59175 59221 215 584 179 583
7 1582 \+ 61073 61260 317 587 481 547
7 356 \: 61073 61553 317 587 550 479
7 1569 \+ 59079 59172 32 609 215 596
7 354 \: 59079 60553 32 609 227 256
7 1581 \+ 60987 61070 478 658 395 608
7 1568 \+ 58051 58333 242 686 272 630
