= section1.gt 3 3
3 176 \+ 23359 23533 534 93 32 684
3 168 \+ 21219 21645 32 147 519 698
3 175 \+ 23155 23356 317 148 534 87
3 167 \+ 20883 21216 32 229 32 141
3 174 \+ 22816 23152 317 268 381 151
3 34 \: 20715 22058 32 281 343 589
3 166 \+ 20715 20880 32 281 32 223
3 173 \+ 22575 22814 317 329 382 269
3 165 \+ 20493 20712 250 344 205 283
3 172 \+ 22308 22572 317 408 317 323
3 164 \+ 19970 20491 203 466 250 338
3 171 \+ 22060 22305 317 589 448 515
3 35 \: 22060 24331 317 589 139 494
3 163 \+ 19383 19968 32 614 203 460
3 33 \: 19383 20713 32 614 205 283
3 170 \+ 21937 22057 316 622 343 589
3 162 \+ 19065 19380 201 704 143 616
3 169 \+ 21648 21935 519 704 316 616
