= section5.gt 7 5
7 1826 \+ 68078 68424 317 80 107 643
7 364 \: 68078 68733 317 80 245 575
7 1825 \+ 67809 68075 493 156 455 100
7 1824 \+ 67661 67807 549 197 493 168
7 1823 \+ 67444 67659 317 249 549 209
7 363 \: 67444 68076 317 249 455 100
7 1817 \+ 65686 65837 32 276 317 670
7 361 \: 65686 66801 32 276 378 439
7 1816 \+ 65499 65683 79 326 184 297
7 1822 \+ 67119 67441 547 339 494 270
7 1815 \+ 64147 64385 236 394 65 338
7 1821 \+ 66803 67117 317 421 547 351
7 362 \: 66803 67442 317 421 494 270
7 1814 \+ 63957 64145 140 435 236 406
7 1813 \+ 63642 63955 285 516 140 447
7 1820 \+ 66403 66800 356 522 378 439
7 1812 \+ 63362 63640 31 571 285 528
7 1819 \+ 66199 66400 446 577 356 534
7 1811 \+ 63200 63359 32 625 31 583
7 360 \: 63200 65684 32 625 184 297
7 1818 \+ 65839 66197 317 658 446 589
