= section5.gt 7 4
7 1615 \+ 70780 71192 169 63 366 616
7 1625 \+ 73126 73448 370 88 149 395
7 362 \: 70528 71598 32 131 425 521
7 1614 \+ 70528 70777 32 131 169 75
7 1624 \+ 72972 73124 391 129 370 100
7 1623 \+ 72619 72970 435 224 391 141
7 1622 \+ 72488 72617 317 265 435 236
7 364 \: 72488 74363 317 265 261 164
7 1613 \+ 69955 70525 32 285 141 149
7 361 \: 69955 70526 32 285 141 149
7 1621 \+ 72209 72485 569 353 347 283
7 1620 \+ 72009 72206 423 394 569 365
7 1612 \+ 69744 69952 289 444 116 305
7 1619 \+ 71806 72006 547 448 423 406
7 1611 \+ 69583 69742 32 482 289 456
7 1618 \+ 71600 71803 317 500 547 460
7 363 \: 71600 72486 317 500 347 283
7 1617 \+ 71483 71597 389 536 425 521
7 1610 \+ 69472 69580 104 563 88 548
7 1609 \+ 69397 69469 280 590 104 575
7 1616 \+ 71194 71480 366 604 389 548
7 1608 \+ 69073 69395 32 658 280 602
