= section5.gt 7 2
7 1443 \+ 73781 73998 276 76 415 373
7 1450 \+ 75115 75357 530 77 115 670
7 371 \: 75073 76156 317 88 170 480
7 1449 \+ 75073 75112 317 88 530 89
7 1442 \+ 73522 73778 32 130 276 88
7 1448 \+ 74851 75070 316 138 569 109
7 1441 \+ 73435 73520 149 157 32 142
7 1447 \+ 74657 74848 425 192 316 150
7 1440 \+ 73111 73433 85 239 149 169
7 1446 \+ 74350 74655 317 271 425 204
7 370 \: 74350 75071 317 271 569 109
7 1439 \+ 72957 73109 106 280 85 251
7 1445 \+ 74132 74347 559 334 546 292
7 1444 \+ 74000 74129 415 361 559 346
7 1438 \+ 72604 72955 150 375 106 292
