= section5.gt 7 2
7 1856 \+ 77685 77945 32 88 496 698
7 1855 \+ 77480 77682 144 143 32 100
7 1854 \+ 77384 77477 226 170 144 155
7 371 \: 77062 78153 32 249 389 643
7 1853 \+ 77062 77381 32 249 226 182
7 1852 \+ 76835 77059 82 312 88 270
7 1851 \+ 76633 76832 164 367 82 324
7 1850 \+ 76421 76630 185 421 164 379
7 1849 \+ 76173 76418 32 487 185 433
7 370 \: 76173 77060 32 487 88 270
7 1848 \+ 75861 76170 32 563 170 507
7 1847 \+ 75628 75858 236 631 32 575
7 1846 \+ 75374 75625 115 686 236 643
7 1857 \+ 77948 78152 496 686 389 643
