= intro.gt 2 5
2 181 \+ 40644 40979 98 61 398 643
2 36 \: 42753 43876 317 66 245 439
2 33 \: 40206 40979 32 100 451 562
2 179 \+ 40206 40318 140 149 284 120
2 35 \: 42136 42752 317 236 480 87
2 178 \+ 40007 40205 225 244 140 161
2 177 \+ 39653 40005 207 285 225 256
2 188 \+ 42136 42752 407 285 416 256
2 187 \+ 41972 42135 317 339 407 297
2 32 \: 39039 40205 32 405 284 120
2 186 \+ 41747 41969 385 421 317 351
2 185 \+ 41429 41744 316 462 385 433
2 184 \+ 41248 41427 516 503 316 474
2 175 \+ 39039 39491 278 536 105 426
2 34 \: 40980 42135 317 541 416 256
2 174 \+ 38601 39038 133 618 278 548
2 182 \+ 40980 41123 398 631 451 562
2 173 \+ 38245 38598 200 686 133 630
