= intro.gt 2 3
2 200 \+ 45960 46207 32 72 316 670
2 38 \: 45731 47282 32 72 561 269
2 211 \+ 48128 48310 503 74 156 698
2 210 \+ 47971 48125 486 101 503 86
2 209 \+ 47857 47969 560 128 486 113
2 199 \+ 45731 45957 185 163 218 93
2 208 \+ 47765 47854 373 183 560 140
2 207 \+ 47512 47762 444 196 373 195
2 39 \: 47284 48311 317 248 252 657
2 206 \+ 47472 47509 317 248 444 208
2 198 \+ 45386 45728 208 258 185 175
2 205 \+ 47284 47469 317 298 561 269
2 197 \+ 45012 45383 138 312 208 270
2 196 \+ 44774 45010 239 353 138 324
2 204 \+ 47071 47281 317 391 317 310
2 195 \+ 44631 44771 32 419 239 365
2 37 \: 44370 45729 32 419 218 93
2 194 \+ 44370 44629 76 482 245 439
2 203 \+ 46730 47068 365 522 566 494
2 193 \+ 44136 44367 32 563 76 494
2 192 \+ 43802 44133 255 604 32 575
2 202 \+ 46520 46727 449 604 365 534
2 191 \+ 43678 43800 145 658 255 616
2 201 \+ 46210 46517 316 658 449 616
