= intro.gt 2 5
2 42 \: 49988 50872 32 66 371 494
2 44 \: 52038 53936 317 120 249 317
2 222 \+ 49988 50241 73 197 62 87
2 230 \+ 52038 52281 317 221 399 140
2 221 \+ 49517 49987 165 251 73 209
2 220 \+ 49312 49515 226 306 165 263
2 229 \+ 51689 52037 374 312 574 283
2 219 \+ 49093 49309 266 333 226 318
2 228 \+ 51484 51687 450 367 374 324
2 218 \+ 48984 49091 217 374 266 345
2 41 \: 48598 49987 32 425 62 87
2 227 \+ 51284 51482 484 435 450 379
2 43 \: 50873 52037 317 475 399 140
2 216 \+ 48598 48799 59 503 288 447
2 225 \+ 50873 51010 317 536 371 494
2 215 \+ 48277 48597 140 557 59 515
2 214 \+ 48078 48274 100 598 140 569
2 40 \: 47796 48597 32 636 288 447
2 224 \+ 50645 50872 520 645 317 548
2 212 \+ 47796 47911 156 686 252 657
