= intro.gt 2 3
2 252 \+ 57446 57683 499 102 32 684
2 242 \+ 54885 55001 118 122 469 711
2 47 \: 56835 57683 317 183 82 630
2 241 \+ 54608 54882 170 203 118 134
2 250 \+ 56835 57152 457 244 399 202
2 240 \+ 54288 54605 127 258 170 215
2 45 \: 53937 55392 32 296 383 575
2 249 \+ 56617 56834 382 312 457 256
2 238 \+ 53937 54059 71 346 249 317
2 237 \+ 53732 53936 256 427 71 358
2 248 \+ 56324 56614 459 435 382 324
2 236 \+ 53430 53729 138 454 256 439
2 247 \+ 55857 56321 491 503 459 447
2 235 \+ 53295 53428 153 509 138 466
2 234 \+ 53075 53293 284 550 153 521
2 46 \: 55393 56834 317 555 399 202
2 245 \+ 55393 55593 316 590 383 575
2 233 \+ 52930 53072 181 631 284 562
2 244 \+ 55270 55392 316 658 316 602
2 232 \+ 52570 52927 175 699 181 643
2 243 \+ 55004 55268 469 699 316 670
