= intro.gt 2 3
2 272 \+ 62086 62316 453 94 129 698
2 260 \+ 60027 60178 172 102 487 684
2 50 \: 61669 63142 317 147 232 439
2 259 \+ 59690 60024 201 170 172 114
2 49 \: 59326 61668 32 195 516 167
2 270 \+ 61669 61863 561 210 516 167
2 269 \+ 61453 61668 424 250 561 222
2 257 \+ 59326 59411 257 271 231 215
2 268 \+ 61257 61451 317 276 424 262
2 267 \+ 61181 61254 508 352 525 351
2 256 \+ 59047 59325 90 380 257 283
2 266 \+ 61120 61179 399 393 508 364
2 265 \+ 60933 61118 317 445 399 405
2 264 \+ 60755 60931 389 509 499 507
2 255 \+ 58558 59044 151 557 90 392
2 263 \+ 60676 60753 552 577 389 521
2 48 \: 57684 59325 32 611 231 215
2 262 \+ 60426 60673 443 631 552 589
2 253 \+ 57684 57860 32 672 82 630
2 261 \+ 60181 60423 487 672 443 643
