= intro.gt 2 3
2 292 \+ 67450 67630 528 95 171 643
2 291 \+ 67033 67447 492 135 528 107
2 282 \+ 64563 64887 59 149 133 79
2 281 \+ 64210 64562 109 217 59 161
2 290 \+ 66857 67030 448 244 492 147
2 280 \+ 63944 64208 136 258 109 229
2 279 \+ 63788 63941 212 285 136 270
2 289 \+ 66411 66855 446 326 448 256
2 278 \+ 63693 63786 177 367 212 297
2 288 \+ 66077 66408 369 380 446 338
2 51 \: 63143 64562 32 419 133 79
2 287 \+ 65837 66075 387 435 369 392
2 276 \+ 63143 63340 240 482 232 439
2 53 \: 65439 68543 317 487 58 371
2 275 \+ 62936 63142 264 577 240 494
2 285 \+ 65439 65621 569 590 567 507
2 274 \+ 62554 62934 173 631 264 589
2 284 \+ 65056 65438 566 631 569 602
2 273 \+ 62318 62552 129 686 173 643
2 52 \: 64563 65438 317 710 567 507
