= intro.gt 2 1
= section1.gt 3 3
3 312 \+ 2287 2665 372 83 52 643
2 301 \+ 0 0 158 135 113 93
2 300 \+ 69405 69623 231 176 158 147
3 57 \: 1950 2665 317 176 52 643
3 310 \+ 1742 1949 361 225 533 196
2 299 \+ 69254 69402 240 231 231 188
2 298 \+ 69039 69251 67 285 240 243
3 309 \+ 1501 1739 534 293 361 237
3 308 \+ 1267 1498 465 347 534 305
2 54 \: 68544 69623 32 353 113 93
2 296 \+ 68544 68776 257 414 58 371
3 307 \+ 992 1264 445 415 465 359
3 306 \+ 880 989 408 443 445 427
2 295 \+ 68351 68543 198 495 257 426
3 56 \: 589 1949 317 522 533 196
3 304 \+ 417 588 463 571 493 542
2 294 \+ 68015 68349 251 590 198 507
3 303 \+ 219 414 317 612 463 583
2 293 \+ 67633 68012 171 631 251 602
3 55 \: 51 588 317 661 493 542
