= section1.gt 3 5
3 336 \+ 6961 7035 507 66 204 670
3 324 \+ 4578 4677 32 73 381 698
3 60 \: 4680 5429 32 73 449 534
3 335 \+ 6720 6955 385 79 507 78
3 323 \+ 4422 4575 68 95 278 93
3 322 \+ 4355 4419 71 149 68 107
3 334 \+ 6645 6718 370 147 366 91
3 321 \+ 4272 4352 214 177 71 161
3 333 \+ 6605 6643 472 174 370 159
3 332 \+ 6549 6603 494 188 472 186
3 331 \+ 6388 6547 425 202 494 200
3 320 \+ 4053 4269 228 231 214 189
3 330 \+ 6205 6386 317 258 425 214
3 319 \+ 3867 4051 131 272 228 243
3 62 \: 6205 8533 317 317 78 294
3 329 \+ 5849 6202 317 317 368 277
3 318 \+ 3680 3865 293 326 131 284
3 317 \+ 3576 3678 32 351 293 338
3 59 \: 3576 4678 32 351 278 93
3 328 \+ 5431 5847 457 407 572 338
3 316 \+ 3206 3573 108 441 244 372
3 315 \+ 3084 3204 54 468 108 453
3 327 \+ 5142 5428 317 514 457 419
3 61 \: 5431 6203 317 514 572 338
3 314 \+ 2999 3078 162 543 274 542
3 326 \+ 4798 5139 538 604 449 534
3 313 \+ 2702 2996 32 625 162 555
3 58 \: 2702 3574 32 625 244 372
3 325 \+ 4680 4795 381 686 538 616
