= section1.gt 3 4
3 64 \: 9099 10003 32 76 394 494
3 345 \+ 8887 8977 35 113 79 98
3 66 \: 11323 12440 317 127 148 507
3 344 \+ 8697 8884 32 140 299 138
3 343 \+ 8470 8695 81 194 32 152
3 358 \+ 10862 10951 476 231 421 147
3 342 \+ 8397 8467 109 249 81 206
3 357 \+ 10737 10859 541 258 476 243
3 63 \: 8397 9098 32 274 79 98
3 356 \+ 10627 10734 386 285 541 270
3 355 \+ 10410 10624 396 312 386 297
3 354 \+ 10267 10407 434 367 396 324
3 340 \+ 7607 8052 265 377 78 294
3 353 \+ 10004 10264 545 407 434 379
3 65 \: 10004 11322 317 473 421 147
3 339 \+ 7217 7605 137 509 265 389
3 351 \+ 9568 9840 405 522 394 494
3 350 \+ 9473 9566 422 590 405 534
3 338 \+ 7111 7215 54 618 137 521
3 349 \+ 9400 9470 454 618 422 602
3 348 \+ 9240 9398 372 631 454 630
3 337 \+ 6926 7108 204 658 54 630
3 347 \+ 9099 9237 541 686 372 643
