= section1.gt 3 6
3 381 \+ 16401 16608 526 68 92 670
3 368 \+ 13783 13922 32 107 415 711
3 69 \: 13968 14436 32 107 501 643
3 72 \: 16401 17792 317 123 247 426
3 380 \+ 16071 16398 317 123 526 80
3 367 \+ 13653 13781 66 197 216 182
3 379 \+ 15861 16068 479 211 472 141
3 366 \+ 13397 13651 256 238 66 209
3 378 \+ 15680 15859 534 265 479 223
3 365 \+ 12952 13394 32 304 256 250
3 68 \: 13397 13923 32 304 216 182
3 377 \+ 15567 15677 478 306 534 277
3 376 \+ 15317 15565 501 333 478 318
3 375 \+ 15023 15314 317 398 501 345
3 71 \: 15317 16399 317 398 472 141
3 364 \+ 12692 12949 226 421 231 324
3 374 \+ 14682 15020 467 475 518 419
3 363 \+ 12398 12689 32 487 226 433
3 67 \: 12692 13395 32 487 231 324
3 373 \+ 14497 14679 430 557 467 487
3 362 \+ 12113 12396 63 563 148 507
3 372 \+ 14438 14494 352 598 430 569
3 371 \+ 14285 14435 317 623 352 610
3 70 \: 14438 15315 317 623 518 419
3 361 \+ 12007 12110 281 645 63 575
3 360 \+ 11551 12004 32 658 281 657
3 370 \+ 14148 14282 573 672 501 643
3 369 \+ 13968 14146 415 699 573 684
