= intro.gt 2 4
2 5 \: 4311 5180 32 85 485 534
2 27 \+ 6794 7009 373 88 32 698
2 17 \+ 3917 4310 110 190 174 107
2 7 \: 6403 7401 317 195 287 616
2 16 \+ 3695 3914 84 244 110 202
2 25 \+ 6213 6402 519 258 391 215
2 24 \+ 6074 6210 388 285 519 270
2 15 \+ 3481 3692 95 299 84 256
2 23 \+ 5828 6072 505 353 388 297
2 14 \+ 3211 3478 143 367 95 311
2 13 \+ 3032 3208 93 407 143 379
2 22 \+ 5461 5825 317 435 505 365
2 4 \: 2861 4310 32 460 174 107
2 6 \: 5181 6402 317 514 391 215
2 20 \+ 4993 5180 399 563 485 534
2 11 \+ 2442 2860 156 577 77 480
2 10 \+ 2258 2439 73 618 156 589
2 9 \+ 2055 2255 174 672 73 630
2 19 \+ 4531 4990 362 672 399 575
