= section1.gt 3 3
3 391 \+ 18526 18686 275 88 363 711
3 404 \+ 20746 20914 317 112 575 86
3 390 \+ 18375 18523 259 129 275 100
3 74 \: 18375 20022 32 168 455 412
3 403 \+ 20418 20743 371 203 464 175
3 388 \+ 17812 17953 32 271 171 188
3 402 \+ 20203 20416 407 285 371 215
3 387 \+ 17466 17810 96 312 32 283
3 401 \+ 20023 20201 394 339 407 297
3 75 \: 20023 21252 317 392 115 630
3 73 \: 17466 18374 32 405 171 188
3 399 \+ 19611 19778 344 454 455 412
3 385 \+ 17091 17216 31 468 247 426
3 398 \+ 19521 19609 316 495 344 466
3 384 \+ 16755 17088 190 509 31 480
3 397 \+ 19348 19519 394 522 316 507
3 396 \+ 19238 19345 317 563 394 534
3 383 \+ 16490 16753 113 590 190 521
3 395 \+ 19111 19235 535 604 317 575
3 394 \+ 18988 19108 447 631 535 616
3 382 \+ 16309 16487 92 658 113 602
3 393 \+ 18820 18985 369 658 447 643
3 392 \+ 18689 18817 363 699 369 670
