= section1.gt 3 4
3 419 \+ 23068 23265 87 62 472 698
3 430 \+ 24647 24721 317 90 63 698
3 418 \+ 22933 23065 172 116 87 74
3 417 \+ 22762 22930 57 143 172 128
3 416 \+ 22513 22759 32 184 57 155
3 429 \+ 24574 24645 317 191 435 178
3 415 \+ 22385 22510 121 252 32 196
3 428 \+ 24474 24571 529 284 354 268
3 414 \+ 22085 22382 275 293 121 264
3 79 \: 24474 25721 317 309 200 494
3 426 \+ 24273 24342 540 358 467 329
3 77 \: 22085 23398 32 373 472 698
3 425 \+ 24112 24271 467 371 540 370
3 424 \+ 23865 24110 477 412 467 383
3 412 \+ 21876 21916 99 422 122 393
3 411 \+ 21807 21873 163 435 99 434
3 410 \+ 21619 21804 282 463 163 447
3 423 \+ 23757 23863 317 478 477 424
3 409 \+ 21488 21617 161 503 282 475
3 408 \+ 21337 21485 203 544 161 515
3 422 \+ 23586 23754 392 571 364 555
3 407 \+ 21253 21334 166 585 203 556
3 76 \: 21253 22084 32 610 122 393
3 421 \+ 23399 23583 558 625 392 583
3 405 \+ 20916 21082 32 670 115 630
3 78 \: 23399 24473 317 677 467 329
