= section1.gt 3 4
3 441 \+ 26591 26797 275 81 536 711
3 450 \+ 28808 29079 317 109 32 711
3 440 \+ 26431 26589 32 122 275 93
3 439 \+ 26055 26428 57 162 32 134
3 449 \+ 28651 28806 317 177 317 121
3 83 \: 28651 29777 317 229 281 602
3 438 \+ 25948 26053 32 269 57 174
3 447 \+ 27911 28406 451 292 566 250
3 437 \+ 25819 25946 32 357 55 331
3 446 \+ 27680 27908 422 415 451 304
3 436 \+ 25722 25816 82 435 182 419
3 80 \: 25722 26905 32 473 536 711
3 82 \: 27680 28650 317 480 566 250
3 434 \+ 25182 25416 69 550 200 494
3 444 \+ 27212 27420 455 557 422 501
3 443 \+ 26906 27210 479 611 455 569
3 433 \+ 25068 25179 266 618 69 562
3 432 \+ 24856 25066 268 645 266 630
3 431 \+ 24723 24854 63 686 268 657
3 81 \: 26906 27679 317 691 422 501
