= section1.gt 3 5
3 88 \: 34029 34940 317 68 172 494
3 461 \+ 31322 31544 32 115 431 684
3 460 \+ 31267 31319 281 183 32 127
3 470 \+ 33309 33782 440 183 349 141
3 459 \+ 31040 31265 108 197 281 195
3 85 \: 31040 31954 32 263 431 684
3 87 \: 33309 33994 317 304 349 141
3 457 \+ 30577 30764 32 326 280 283
3 468 \+ 32815 33205 354 326 561 324
3 456 \+ 30250 30574 123 380 32 338
3 467 \+ 32633 32812 447 435 354 338
3 455 \+ 30052 30248 130 462 123 392
3 466 \+ 32373 32631 317 475 447 447
3 454 \+ 29778 30049 256 516 130 474
3 465 \+ 32254 32371 367 543 317 487
3 84 \: 29778 31039 32 581 280 283
3 464 \+ 32126 32252 435 584 367 555
3 463 \+ 31955 32123 376 611 435 596
3 452 \+ 29305 29522 32 645 281 602
3 86 \: 31955 33308 317 664 561 324
3 451 \+ 29082 29302 32 699 32 657
