= section1.gt 3 1
3 489 \+ 38261 38805 390 102 82 684
3 479 \+ 35865 36170 176 156 379 711
3 478 \+ 35267 35862 32 224 176 168
3 488 \+ 38026 38259 567 258 390 114
3 487 \+ 37934 38024 496 312 567 270
3 486 \+ 37596 37931 317 326 496 324
3 477 \+ 35169 35265 32 380 32 236
3 476 \+ 34941 35166 101 407 32 392
3 485 \+ 37491 37593 518 421 317 338
3 484 \+ 36933 37489 510 448 518 433
3 89 \: 34941 70017 32 473 134 297
3 474 \+ 34416 34843 244 509 172 494
3 483 \+ 36742 36930 472 590 510 460
3 473 \+ 34162 34413 32 604 244 521
3 482 \+ 36602 36739 350 631 472 602
3 472 \+ 34029 34159 140 672 32 616
3 481 \+ 36488 36600 455 672 350 643
3 480 \+ 36173 36485 379 699 455 684
