= section1.gt 3 0
3 503 \+ 43359 43811 439 82 95 643
3 497 \+ 41101 41217 206 143 554 637
3 496 \+ 40495 41099 207 170 206 155
3 502 \+ 43027 43356 361 211 439 94
3 501 \+ 42453 43025 417 292 361 223
3 495 \+ 40266 40493 126 326 207 182
3 494 \+ 40001 40263 60 380 126 338
3 493 \+ 39858 39998 126 448 60 392
3 500 \+ 42091 42451 546 462 417 304
3 492 \+ 39253 39855 254 489 126 460
3 499 \+ 41809 42089 563 557 546 474
3 498 \+ 41220 41806 554 625 563 569
3 491 \+ 39134 39251 115 645 254 501
3 490 \+ 38808 39131 82 672 115 657
