= section1.gt 3 0
3 509 \+ 46098 46294 154 75 140 73
3 517 \+ 47957 48483 573 96 175 684
3 508 \+ 45663 46095 286 129 154 87
3 516 \+ 47867 47954 530 239 573 108
3 515 \+ 47538 47864 362 252 530 251
3 507 \+ 45319 45661 254 258 286 141
3 506 \+ 45020 45317 152 339 254 270
3 514 \+ 47156 47535 464 354 362 264
3 505 \+ 44188 45018 59 407 152 351
3 513 \+ 46964 47154 490 449 464 366
3 512 \+ 46639 46961 380 490 490 461
3 511 \+ 46350 46636 372 578 380 502
3 504 \+ 43813 44185 95 631 59 419
3 510 \+ 46297 46348 317 657 372 590
