= section1.gt 3 0
3 527 \+ 50702 50980 60 88 532 623
3 535 \+ 53137 53374 563 143 205 670
3 526 \+ 50226 50699 32 156 60 100
3 534 \+ 52772 53135 484 197 563 155
3 533 \+ 52576 52769 366 279 484 209
3 525 \+ 50068 50223 108 285 32 168
3 524 \+ 49926 50066 166 326 108 297
3 532 \+ 52207 52573 475 333 366 291
3 523 \+ 49668 49923 268 367 166 338
3 522 \+ 49453 49665 79 421 268 379
3 531 \+ 51987 52204 316 421 475 345
3 521 \+ 49405 49450 136 475 79 433
3 530 \+ 51746 51984 317 475 316 433
3 520 \+ 49065 49402 175 489 136 487
3 529 \+ 51476 51743 504 543 317 487
3 519 \+ 48739 49062 142 590 175 501
3 528 \+ 50982 51474 532 611 504 555
3 518 \+ 48486 48736 175 672 142 602
