= section1.gt 3 0
3 557 \+ 58422 58617 511 61 121 684
3 556 \+ 58312 58419 316 102 511 73
3 555 \+ 58187 58309 316 129 316 114
3 543 \+ 55446 55774 63 149 556 711
3 554 \+ 57665 58184 526 170 316 141
3 542 \+ 55274 55444 54 231 63 161
3 541 \+ 54707 55272 261 285 54 243
3 553 \+ 57488 57663 376 299 526 182
3 552 \+ 57216 57486 317 339 376 311
3 551 \+ 57095 57214 554 421 317 351
3 540 \+ 54429 54705 78 427 261 297
3 550 \+ 56806 57093 524 448 554 433
3 539 \+ 54064 54426 73 495 78 439
3 549 \+ 56663 56804 562 536 524 460
3 548 \+ 56506 56660 401 563 562 548
3 538 \+ 53903 54062 145 590 73 507
3 547 \+ 56332 56504 442 604 401 575
3 537 \+ 53809 53901 142 631 145 602
3 546 \+ 56209 56329 389 645 442 616
3 536 \+ 53376 53806 205 658 142 643
3 545 \+ 56140 56207 356 672 389 657
3 544 \+ 55776 56137 556 699 356 684
