= section1.gt 3 0
3 574 \+ 62751 63208 369 109 273 711
3 565 \+ 60515 60848 87 129 480 637
3 564 \+ 60277 60512 32 211 87 141
3 573 \+ 62597 62749 496 251 369 121
3 563 \+ 59815 60274 242 279 32 223
3 572 \+ 62485 62594 543 306 496 263
3 571 \+ 62110 62482 518 333 543 318
3 562 \+ 59541 59813 32 394 242 291
3 570 \+ 61650 62108 532 428 518 345
3 561 \+ 59244 59538 32 462 32 406
3 560 \+ 58966 59242 187 543 32 474
3 569 \+ 61552 61647 429 557 532 440
3 567 \+ 61445 61527 383 598 510 610
3 568 \+ 61529 61549 510 598 429 569
3 559 \+ 58758 58963 78 618 187 555
3 566 \+ 60850 61443 480 625 383 610
3 558 \+ 58619 58756 121 672 78 630
