= intro.gt 2 5
2 50 \+ 11805 11924 466 75 217 711
2 49 \+ 11744 11802 441 89 466 87
2 38 \+ 9357 9726 161 115 343 684
2 12 \: 11550 13312 317 141 258 241
2 48 \+ 11550 11742 317 141 441 101
2 37 \+ 9178 9354 120 156 161 127
2 47 \+ 11389 11547 407 190 362 161
2 36 \+ 8938 9175 31 211 120 168
2 46 \+ 11153 11387 367 245 407 202
2 35 \+ 8774 8935 31 251 31 223
2 45 \+ 10980 11151 317 297 367 257
2 11 \: 10980 11548 317 297 362 161
2 9 \: 8605 9727 32 304 343 684
2 34 \+ 8605 8771 32 304 31 263
2 44 \+ 10897 10977 316 319 415 317
2 33 \+ 8387 8602 160 367 94 324
2 32 \+ 8302 8384 278 394 160 379
2 43 \+ 10612 10895 317 398 316 331
2 31 \+ 8044 8299 147 448 278 406
2 42 \+ 10525 10609 357 462 557 460
2 30 \+ 7813 8042 99 503 147 460
2 41 \+ 10339 10522 317 503 357 474
2 40 \+ 10006 10336 317 584 317 515
2 29 \+ 7467 7810 32 595 99 515
2 8 \: 7467 8603 32 595 94 324
2 39 \+ 9729 10004 317 663 317 596
2 10 \: 9729 10978 317 663 415 317
2 28 \+ 7071 7464 32 686 287 616
