= section1.gt 3 0
3 584 \+ 65706 65922 88 61 459 698
3 591 \+ 67632 68212 316 109 32 657
3 583 \+ 65136 65703 89 115 88 73
3 582 \+ 64921 65134 174 271 89 127
3 590 \+ 67054 67629 542 279 316 121
3 581 \+ 64717 64918 218 326 174 283
3 580 \+ 64655 64715 31 367 218 338
3 579 \+ 64441 64652 282 394 31 379
3 589 \+ 66947 67052 435 421 542 291
3 578 \+ 63929 64439 32 435 282 406
3 588 \+ 66742 66944 430 448 435 433
3 587 \+ 66313 66739 498 503 430 460
3 577 \+ 63665 63926 171 577 32 447
3 586 \+ 66049 66310 424 618 498 515
3 576 \+ 63465 63663 176 645 171 589
3 585 \+ 65925 66046 459 686 424 630
3 575 \+ 63211 63463 273 699 176 657
