= section2.gt 4 3
4 599 \+ 441 670 80 105 405 711
4 608 \+ 2845 3140 535 143 369 73
4 598 \+ 180 439 115 173 80 117
4 90 \: 50 1041 32 209 572 630
4 607 \+ 2507 2843 501 224 535 155
4 606 \+ 2365 2504 353 251 501 236
4 605 \+ 2150 2362 401 306 353 263
3 596 \+ 69448 69742 144 353 134 297
4 92 \: 1806 3140 317 399 369 73
3 595 \+ 69085 69445 251 435 144 365
4 603 \+ 1507 1805 518 489 370 419
3 594 \+ 68723 69083 106 536 251 447
4 602 \+ 1195 1505 566 571 518 501
4 91 \: 1042 1805 317 609 370 419
3 593 \+ 68646 68720 157 631 106 548
3 592 \+ 68214 68644 32 645 157 643
4 600 \+ 672 1041 405 699 572 630
