= section2.gt 4 5
4 620 \+ 5607 5920 115 75 550 670
4 628 \+ 7988 8234 526 115 54 711
4 619 \+ 5288 5604 202 156 115 87
4 95 \: 5139 6655 32 195 443 480
4 97 \: 7624 8509 317 208 287 657
4 626 \+ 7331 7623 366 285 438 229
4 617 \+ 4750 5138 227 299 194 215
4 616 \+ 4564 4748 133 339 227 311
4 625 \+ 7149 7328 549 339 366 297
4 615 \+ 4453 4561 115 367 133 351
4 614 \+ 4375 4450 272 394 115 379
4 613 \+ 4211 4372 32 421 272 406
4 624 \+ 6816 7147 539 421 549 351
4 96 \: 6656 7623 317 459 438 229
4 612 \+ 3828 4208 277 530 32 433
4 622 \+ 6308 6655 316 550 443 480
4 94 \: 3668 5138 32 571 194 215
4 610 \+ 3392 3667 156 645 204 589
4 621 \+ 5923 6305 550 658 316 562
4 93 \: 3141 3667 32 710 204 589
