= section2.gt 4 5
4 647 \+ 13206 13344 394 68 287 698
4 636 \+ 10671 10982 165 88 354 670
4 646 \+ 13036 13204 356 109 394 80
4 645 \+ 12800 13034 533 177 356 121
4 635 \+ 10174 10668 222 211 165 100
4 644 \+ 12544 12797 399 232 533 189
4 634 \+ 10017 10172 281 251 222 223
4 102 \: 12358 13344 317 284 287 698
4 99 \: 9684 10982 32 331 354 670
4 642 \+ 12186 12357 535 333 570 304
4 641 \+ 12051 12184 443 360 535 345
4 640 \+ 11883 12047 391 401 434 372
4 101 \: 11709 12357 317 453 570 304
4 632 \+ 9124 9683 86 475 130 351
4 631 \+ 8851 9122 84 543 86 487
4 638 \+ 11323 11708 347 557 359 474
4 98 \: 8510 9683 32 636 130 351
4 100 \: 10983 11708 317 650 359 474
4 629 \+ 8237 8509 54 699 287 657
