= section2.gt 4 5
4 658 \+ 15473 15657 173 96 563 711
4 671 \+ 17956 18172 377 102 76 711
4 670 \+ 17729 17953 317 156 377 114
4 669 \+ 17631 17727 372 183 317 168
4 105 \: 15122 16304 32 188 412 548
4 668 \+ 17384 17629 526 251 372 195
4 656 \+ 14876 15121 118 265 67 209
4 107 \: 17180 18172 317 303 76 711
4 655 \+ 14669 14873 147 319 118 277
4 666 \+ 17008 17179 562 353 571 324
4 654 \+ 14444 14667 32 374 147 331
4 665 \+ 16856 17006 356 380 562 365
4 653 \+ 14361 14442 175 401 32 386
4 652 \+ 14194 14358 173 442 175 413
4 664 \+ 16615 16854 534 448 356 392
4 663 \+ 16523 16612 343 462 534 460
4 662 \+ 16414 16520 317 489 343 474
4 104 \: 13952 15121 32 508 67 209
4 106 \: 16305 17179 317 528 571 324
4 650 \+ 13705 13951 198 584 56 528
4 649 \+ 13573 13702 59 611 198 596
4 660 \+ 15968 16304 435 618 412 548
4 103 \: 13345 13951 32 677 56 528
4 659 \+ 15660 15965 563 699 435 630
