= section2.gt 4 6
4 684 \+ 20315 20382 32 73 403 711
4 701 \+ 22724 22831 521 82 247 711
4 683 \+ 20218 20313 99 100 32 85
4 700 \+ 22536 22722 440 123 521 94
4 682 \+ 20065 20215 181 141 99 112
4 699 \+ 22432 22533 445 150 440 135
4 110 \: 19989 20504 32 163 440 684
4 698 \+ 22282 22430 480 191 445 162
4 113 \: 22148 23187 317 229 214 616
4 680 \+ 19784 19961 119 265 152 236
4 696 \+ 21983 22147 443 279 442 250
4 679 \+ 19651 19782 272 306 119 277
4 695 \+ 21880 21981 438 306 443 291
4 694 \+ 21728 21878 495 347 438 318
4 109 \: 19440 19961 32 360 152 236
4 693 \+ 21650 21726 356 360 495 359
4 692 \+ 21546 21647 366 387 356 372
4 677 \+ 19275 19439 32 407 57 379
4 112 \: 21380 22147 317 440 442 250
4 676 \+ 18992 19272 281 489 32 419
4 690 \+ 21114 21379 317 503 534 460
4 675 \+ 18833 18989 32 516 281 501
4 689 \+ 20952 21112 317 543 317 515
4 674 \+ 18639 18830 176 571 32 528
4 688 \+ 20844 20950 317 571 317 555
4 673 \+ 18418 18636 181 625 176 583
4 687 \+ 20655 20842 497 625 317 583
4 111 \: 20505 21379 317 664 534 460
4 108 \: 18173 19439 32 693 57 379
4 685 \+ 20385 20504 403 699 440 684
