= section2.gt 4 6
4 717 \+ 25227 25354 184 62 317 684
4 716 \+ 25183 25224 233 76 184 74
4 729 \+ 27651 27862 474 75 169 684
4 117 \: 25092 26262 32 101 356 466
4 714 \+ 24958 25091 164 136 265 121
4 728 \+ 27298 27649 560 170 474 87
4 713 \+ 24745 24955 175 191 164 148
4 116 \: 24605 25091 32 229 265 121
4 119 \: 26982 28127 317 251 145 616
4 711 \+ 24406 24604 127 279 257 250
4 726 \+ 26903 26981 569 285 417 270
4 710 \+ 24339 24403 93 292 127 291
4 709 \+ 24158 24336 32 333 93 304
4 725 \+ 26687 26900 556 339 569 297
4 724 \+ 26616 26685 480 353 556 351
4 708 \+ 24078 24156 194 360 32 345
4 723 \+ 26534 26613 350 367 480 365
4 115 \: 23888 24604 32 412 257 250
4 118 \: 26263 26981 317 448 417 270
4 721 \+ 26162 26262 430 482 356 466
4 706 \+ 23622 23887 281 489 257 433
4 720 \+ 25984 26159 373 522 430 494
4 114 \: 23188 23887 32 596 257 433
4 704 \+ 23108 23187 70 618 214 616
4 719 \+ 25629 25982 557 618 373 534
4 703 \+ 22971 23105 213 658 70 630
4 718 \+ 25357 25626 317 672 557 630
4 702 \+ 22833 22969 247 699 213 670
