= section2.gt 4 4
4 743 \+ 30108 30206 222 68 440 698
4 742 \+ 29941 30105 237 109 222 80
4 741 \+ 29819 29938 207 136 237 121
4 750 \+ 31405 31567 550 156 558 127
4 740 \+ 29674 29817 289 177 207 148
4 749 \+ 31227 31402 503 197 550 168
4 122 \: 29512 30813 32 216 542 362
4 748 \+ 31065 31224 571 238 503 209
4 123 \: 30848 32181 317 287 66 384
4 738 \+ 29272 29511 278 292 143 236
4 737 \+ 29099 29270 245 333 278 304
4 746 \+ 30669 30813 373 377 542 362
4 121 \: 28836 29511 32 399 143 236
4 745 \+ 30530 30666 505 418 373 389
4 735 \+ 28541 28835 260 489 254 419
4 744 \+ 30208 30527 317 497 505 430
4 734 \+ 28369 28538 181 530 260 501
4 733 \+ 28295 28367 98 543 181 542
4 732 \+ 28159 28292 205 584 98 555
4 120 \: 28128 28835 32 598 254 419
4 730 \+ 27865 28127 169 672 145 616
