= section2.gt 4 3
4 125 \: 32970 33402 32 60 477 529
4 766 \+ 34663 34949 412 91 259 684
4 765 \+ 34507 34660 467 131 412 103
4 756 \+ 32586 32969 238 163 197 80
4 764 \+ 34254 34504 562 199 467 143
4 755 \+ 32318 32584 32 229 238 175
4 763 \+ 34002 34252 409 254 562 211
4 762 \+ 33868 33999 317 292 409 266
4 124 \: 32182 32969 32 366 197 80
4 753 \+ 31954 32181 32 438 66 384
4 761 \+ 33637 33866 396 443 456 400
4 126 \: 33403 36274 317 511 287 358
4 759 \+ 33259 33402 317 558 477 529
4 752 \+ 31796 31952 138 605 93 576
4 758 \+ 33145 33257 383 658 386 643
4 751 \+ 31569 31794 32 670 138 617
