= section2.gt 4 4
4 128 \: 37302 38057 32 75 569 548
4 786 \+ 39802 39983 349 75 136 698
4 785 \+ 39592 39799 444 129 349 87
4 775 \+ 37109 37301 287 135 141 93
4 774 \+ 36903 37106 122 176 287 147
4 773 \+ 36807 36900 204 203 122 188
4 130 \: 39124 39983 317 251 136 698
4 772 \+ 36585 36804 230 258 204 215
4 771 \+ 36406 36582 153 299 230 270
4 783 \+ 38890 39123 316 312 355 270
4 127 \: 36275 37301 32 337 141 93
4 782 \+ 38548 38887 519 407 316 324
4 781 \+ 38386 38545 536 448 519 419
4 769 \+ 35748 36274 173 468 287 358
4 780 \+ 38267 38383 499 475 536 460
4 129 \: 38058 39123 317 528 355 270
4 768 \+ 35269 35745 228 590 173 480
4 778 \+ 37712 38057 505 618 569 548
4 777 \+ 37566 37709 560 658 505 630
4 767 \+ 34952 35267 259 672 228 602
