= intro.gt 2 3
2 61 \+ 13682 14057 179 101 408 670
2 71 \+ 16058 16297 316 110 413 95
2 60 \+ 13539 13679 287 141 179 113
2 59 \+ 13330 13536 70 182 287 153
2 69 \+ 15663 15921 414 178 0 0
2 13 \: 13212 14638 32 221 554 534
2 15 \: 15323 16826 317 271 142 343
2 57 \+ 12904 13211 122 297 258 241
2 56 \+ 12690 12901 174 352 122 309
2 55 \+ 12504 12687 102 392 174 364
2 54 \+ 12445 12501 75 406 102 404
2 67 \+ 14980 15321 317 421 426 351
2 66 \+ 14841 14978 465 462 317 433
2 53 \+ 12061 12442 32 501 75 418
2 14 \: 14639 15322 317 514 431 351
2 52 \+ 12003 12059 32 526 32 513
2 64 \+ 14448 14638 408 563 554 534
2 63 \+ 14236 14445 462 618 408 575
2 62 \+ 14059 14233 408 658 462 630
2 51 \+ 11829 12001 217 699 237 670
