= section2.gt 4 6
4 801 \+ 42320 42517 152 68 565 684
4 136 \: 44781 45220 317 80 59 616
4 800 \+ 42226 42318 243 96 152 80
4 813 \+ 44635 44780 523 129 415 100
4 133 \: 42018 42517 32 147 565 684
4 798 \+ 41898 42017 227 183 288 168
4 812 \+ 44428 44632 568 183 523 141
4 797 \+ 41758 41895 85 211 227 195
4 811 \+ 44202 44425 536 238 568 195
4 796 \+ 41543 41755 102 265 85 223
4 810 \+ 44079 44199 507 265 536 250
4 809 \+ 43902 44077 489 306 507 277
4 795 \+ 41285 41540 170 333 102 277
4 808 \+ 43724 43899 398 347 489 318
4 794 \+ 41163 41283 121 360 170 345
4 807 \+ 43537 43721 577 401 398 359
4 793 \+ 40975 41160 275 415 121 372
4 806 \+ 43450 43534 429 415 577 413
4 132 \: 40823 42017 32 455 288 168
4 135 \: 43204 44780 317 483 415 100
4 791 \+ 40592 40822 83 516 108 474
4 804 \+ 42993 43203 480 543 425 501
4 790 \+ 40450 40589 183 557 83 528
4 789 \+ 40275 40447 99 598 183 569
4 803 \+ 42682 42990 317 611 480 555
4 788 \+ 40194 40272 230 625 99 610
4 134 \: 42518 43203 317 663 425 501
4 131 \: 39984 40822 32 679 108 474
