= section2.gt 4 5
4 842 \+ 49753 49901 347 68 286 698
4 141 \: 49691 49901 317 93 286 698
4 827 \+ 47292 47420 90 143 455 711
4 840 \+ 49532 49690 409 143 378 114
4 839 \+ 49398 49530 533 183 409 155
4 826 \+ 46999 47290 260 224 90 155
4 838 \+ 49221 49395 475 224 533 195
4 825 \+ 46820 46996 177 265 260 236
4 837 \+ 49050 49218 448 265 475 236
4 138 \: 46574 47784 32 330 401 616
4 140 \: 48816 49690 317 331 378 114
4 823 \+ 46121 46573 211 367 144 73
4 822 \+ 46007 46118 190 394 211 379
4 835 \+ 48572 48815 366 394 446 351
4 834 \+ 48368 48569 471 448 366 406
4 821 \+ 45765 46004 287 462 190 406
4 820 \+ 45663 45763 89 475 287 474
4 833 \+ 48181 48365 364 489 471 460
4 819 \+ 45533 45660 237 516 89 487
4 832 \+ 47979 48178 478 543 364 501
4 818 \+ 45345 45530 130 557 237 528
4 137 \: 45221 46573 32 598 144 73
4 139 \: 47785 48815 317 596 446 351
4 830 \+ 47735 47784 411 618 401 616
4 816 \+ 45116 45220 71 631 59 616
4 829 \+ 47582 47732 464 658 411 630
4 815 \+ 44905 45113 122 686 71 643
4 828 \+ 47422 47580 455 699 464 670
