= section2.gt 4 6
4 144 \: 51223 51749 32 71 560 589
4 864 \+ 53384 53710 418 123 139 698
4 849 \+ 50859 51222 76 161 233 91
4 147 \: 53207 54570 317 175 287 494
4 848 \+ 50727 50856 207 202 76 173
4 862 \+ 53078 53206 370 211 457 195
4 861 \+ 52993 53076 490 238 370 223
4 860 \+ 52834 52991 509 279 490 250
4 859 \+ 52740 52832 563 306 509 291
4 847 \+ 50454 50724 32 323 207 214
4 858 \+ 52639 52738 317 319 563 318
4 143 \: 50345 51222 32 362 233 91
4 857 \+ 52504 52637 468 360 317 331
4 146 \: 52424 53206 317 387 457 195
4 845 \+ 50164 50344 32 422 124 382
4 855 \+ 52201 52423 425 448 447 406
4 854 \+ 52046 52198 447 489 425 460
4 844 \+ 50101 50162 237 563 274 561
4 145 \: 51750 52423 317 568 447 406
4 142 \: 49954 50344 32 599 124 382
4 852 \+ 51556 51749 374 618 560 589
4 851 \+ 51385 51553 316 658 374 630
