= section2.gt 4 4
4 880 \+ 56027 56282 195 102 373 698
4 879 \+ 55932 56024 274 129 195 114
4 151 \: 58070 59156 317 162 171 339
4 878 \+ 55729 55929 97 170 274 141
4 877 \+ 55653 55726 256 197 97 182
4 891 \+ 57949 58069 443 198 487 183
4 149 \: 55444 56637 32 249 490 616
4 890 \+ 57758 57946 557 252 443 210
4 889 \+ 57672 57755 406 266 557 264
4 875 \+ 55243 55443 32 299 185 270
4 888 \+ 57348 57669 463 348 406 278
4 874 \+ 55038 55240 131 353 32 311
4 887 \+ 57228 57345 424 375 463 360
4 886 \+ 57060 57225 400 416 424 387
4 873 \+ 54768 55035 151 421 131 365
4 872 \+ 54704 54765 135 435 151 433
4 885 \+ 56871 57057 317 468 400 428
4 148 \: 54571 55443 32 473 185 270
4 870 \+ 54558 54570 229 482 287 494
4 869 \+ 54444 54555 225 509 229 494
4 884 \+ 56769 56869 441 557 394 542
4 868 \+ 54244 54442 285 563 225 521
4 150 \: 56638 58069 317 595 487 183
4 867 \+ 54000 54241 156 618 285 575
4 882 \+ 56459 56637 403 645 490 616
4 866 \+ 53846 53998 211 658 156 630
4 865 \+ 53713 53844 139 686 211 670
4 881 \+ 56285 56457 373 686 403 657
