= section2.gt 4 3
4 903 \+ 60936 61068 153 63 566 698
4 916 \+ 63452 63720 534 61 218 657
4 902 \+ 60730 60934 199 117 153 75
4 915 \+ 63166 63449 474 129 534 73
4 901 \+ 60501 60727 130 172 199 129
4 154 \: 62700 63997 317 249 220 589
4 914 \+ 62700 63164 317 249 474 141
4 900 \+ 60103 60499 60 267 130 184
4 913 \+ 62575 62697 563 299 367 270
4 152 \: 59940 61548 32 321 488 575
4 899 \+ 59940 60101 32 321 60 279
4 898 \+ 59815 59937 89 355 171 339
4 912 \+ 62340 62572 496 353 563 311
4 911 \+ 62233 62337 536 380 496 365
4 897 \+ 59649 59812 92 395 89 367
4 910 \+ 62079 62230 568 421 536 392
4 896 \+ 59481 59646 110 436 92 407
4 895 \+ 59404 59478 289 463 110 448
4 909 \+ 61878 62076 380 462 568 433
4 908 \+ 61738 61875 465 503 380 474
4 894 \+ 59188 59402 32 518 289 475
4 907 \+ 61550 61735 317 555 465 515
4 153 \: 61550 62698 317 555 367 270
4 906 \+ 61363 61547 370 604 488 575
4 893 \+ 59049 59185 32 659 154 630
4 905 \+ 61124 61361 574 672 370 616
4 904 \+ 61070 61121 566 686 574 684
