= section2.gt 4 1
= section3.gt 5 4
5 927 \+ 674 849 152 78 531 698
5 938 \+ 2953 3025 453 123 528 121
5 926 \+ 452 671 127 133 152 90
5 925 \+ 282 449 70 173 127 145
5 937 \+ 2724 2950 373 177 453 135
5 936 \+ 2626 2721 416 204 373 189
5 156 \: 50 849 32 236 531 698
5 159 \: 2454 3025 317 257 528 121
5 934 \+ 2317 2453 563 306 434 277
5 933 \+ 2221 2314 370 319 563 318
4 923 \+ 64088 64161 272 339 93 324
4 922 \+ 63946 64085 90 367 272 351
5 932 \+ 1783 2218 397 428 370 331
4 921 \+ 63651 63943 287 448 90 379
5 158 \: 1664 2453 317 467 434 277
4 920 \+ 63486 63649 32 475 287 460
4 919 \+ 63348 63483 185 516 32 487
5 930 \+ 1428 1663 466 530 558 487
4 155 \: 63152 64161 32 568 93 324
5 929 \+ 1032 1425 372 625 466 542
4 917 \+ 62888 63151 218 645 220 589
5 157 \: 850 1663 317 677 558 487
