= section3.gt 5 4
5 958 \+ 7634 7936 506 122 136 698
5 948 \+ 5114 5331 32 170 248 141
5 957 \+ 7354 7631 344 190 506 134
5 162 \: 5002 7137 32 208 421 276
5 163 \: 7138 7936 317 255 136 698
5 946 \+ 4773 5001 232 271 262 229
5 955 \+ 6878 7137 516 332 421 276
5 945 \+ 4443 4771 189 353 232 283
5 944 \+ 4254 4441 293 407 189 365
5 954 \+ 6480 6875 459 427 516 344
5 161 \: 3946 5001 32 487 262 229
5 953 \+ 6155 6477 548 509 459 439
5 942 \+ 3705 3945 189 550 252 507
5 952 \+ 5946 6152 364 550 548 521
5 951 \+ 5768 5943 320 590 364 562
5 941 \+ 3388 3703 210 631 189 562
5 950 \+ 5542 5764 508 658 583 616
5 940 \+ 3233 3385 275 672 210 643
5 160 \: 3061 3945 32 710 252 507
5 949 \+ 5333 5539 317 710 508 670
