= section3.gt 5 6
5 970 \+ 10132 10354 32 96 358 698
5 982 \+ 12414 12673 374 109 285 711
5 969 \+ 10040 10130 125 123 32 108
5 166 \: 9919 10538 32 161 458 657
5 169 \: 12241 13243 317 164 137 562
5 980 \+ 12168 12240 514 197 342 182
5 967 \+ 9671 9918 32 224 194 182
5 966 \+ 9532 9669 135 265 32 236
5 979 \+ 11784 12165 517 292 514 209
5 965 \+ 9300 9530 96 319 135 277
5 978 \+ 11664 11781 430 319 517 304
5 977 \+ 11560 11661 399 347 430 331
5 964 \+ 9063 9298 224 387 96 331
5 168 \: 11389 12240 317 401 342 182
5 963 \+ 8860 9061 82 428 224 399
5 975 \+ 11264 11388 510 448 344 419
5 962 \+ 8617 8858 224 496 82 440
5 974 \+ 10997 11261 502 516 510 460
5 961 \+ 8406 8614 284 551 224 508
5 165 \: 8301 9918 32 575 194 182
5 973 \+ 10733 10994 495 584 502 528
5 167 \: 10539 11388 317 636 344 419
5 164 \: 7937 8300 32 679 242 596
5 971 \+ 10357 10538 358 686 458 657
