= section3.gt 5 4
5 991 \+ 14593 14730 32 82 471 711
5 1000 \+ 16446 16632 317 90 95 698
5 990 \+ 14369 14590 32 148 32 94
5 999 \+ 16366 16443 412 197 525 195
5 998 \+ 16229 16363 563 238 412 209
5 989 \+ 14237 14366 60 264 191 249
5 173 \: 16009 17095 317 287 186 589
5 997 \+ 16009 16226 317 287 563 250
5 988 \+ 13961 14234 32 346 60 276
5 996 \+ 15805 15962 317 412 528 386
5 172 \: 15805 15963 317 412 528 386
5 987 \+ 13933 13958 293 421 145 419
5 986 \+ 13821 13930 269 448 293 433
5 985 \+ 13615 13818 83 489 269 460
5 170 \: 13441 15298 32 541 566 575
5 984 \+ 13441 13613 32 541 83 501
5 995 \+ 15300 15802 317 555 394 433
5 171 \: 15300 15803 317 555 394 433
5 994 \+ 15158 15297 393 590 566 575
5 993 \+ 14914 15155 548 658 393 602
5 983 \+ 12863 13438 285 699 137 562
5 992 \+ 14733 14911 471 699 548 670
