= section3.gt 5 4
5 1011 \+ 18777 18976 102 75 539 698
5 1022 \+ 20734 21070 558 101 264 684
5 1010 \+ 18586 18774 245 129 102 87
5 1021 \+ 20545 20731 460 142 558 113
5 175 \: 18383 19272 32 181 402 493
5 1020 \+ 20364 20542 435 183 460 154
5 1019 \+ 20238 20361 365 210 435 195
5 1008 \+ 18204 18382 32 231 130 202
5 177 \: 20112 21070 317 249 264 684
5 1017 \+ 19946 20111 406 298 419 269
5 1007 \+ 17758 18202 278 353 32 243
5 1016 \+ 19667 19943 381 366 406 310
5 1006 \+ 17567 17756 217 394 278 365
5 1015 \+ 19462 19665 423 420 381 378
5 1005 \+ 17278 17565 152 462 217 406
5 176 \: 19273 20111 317 473 419 269
5 1004 \+ 17069 17275 240 516 152 474
5 1013 \+ 19095 19272 357 522 402 493
5 1012 \+ 18978 19092 317 563 357 534
5 174 \: 16858 18382 32 571 130 202
5 1002 \+ 16629 16857 112 631 186 589
5 1001 \+ 16405 16627 95 686 112 643
