= intro.gt 2 2
2 78 \+ 17892 18187 62 60 374 698
2 17 \: 17664 22559 32 98 553 616
2 76 \+ 17664 17776 74 216 124 119
2 87 \+ 20162 20461 476 238 135 630
2 75 \+ 17218 17663 204 256 74 228
2 86 \+ 19385 20160 478 279 476 250
2 16 \: 16827 17663 32 322 124 119
2 85 \+ 19253 19383 511 334 478 291
2 84 \+ 19077 19251 519 388 511 346
2 83 \+ 18901 19074 436 442 519 400
2 73 \+ 16827 17076 32 465 142 343
2 82 \+ 18701 18899 378 497 436 454
2 81 \+ 18508 18698 339 538 378 509
2 80 \+ 18360 18506 394 592 339 550
2 72 \+ 16299 16826 32 658 124 604
2 79 \+ 18190 18358 374 686 394 604
