= section3.gt 5 4
5 1033 \+ 23389 23605 32 106 583 711
5 1042 \+ 24846 25049 402 153 583 124
5 1032 \+ 23197 23386 126 197 265 168
5 1031 \+ 23072 23195 76 224 126 209
5 1041 \+ 24567 24844 403 221 402 165
5 181 \: 24491 25646 317 245 224 575
5 1040 \+ 24491 24564 317 245 403 233
5 179 \: 22899 23768 32 276 548 597
5 1030 \+ 22899 23070 32 276 76 236
5 1039 \+ 24104 24488 317 347 518 266
5 1029 \+ 22622 22896 248 353 261 297
5 1028 \+ 22451 22619 216 394 248 365
5 1038 \+ 23979 24101 317 438 390 409
5 1027 \+ 22162 22449 132 462 216 406
5 1026 \+ 21984 22160 88 503 132 474
5 1037 \+ 23969 23976 537 524 583 536
5 1036 \+ 23831 23966 408 552 537 536
5 1025 \+ 21714 21981 129 571 88 515
5 1035 \+ 23770 23829 317 576 408 564
5 180 \: 23770 24489 317 576 518 266
5 1024 \+ 21565 21711 232 611 129 583
5 1034 \+ 23608 23767 317 624 548 597
5 1023 \+ 21355 21563 32 664 232 623
5 178 \: 21355 22897 32 664 261 297
