= section3.gt 5 4
5 1062 \+ 28953 29197 317 85 170 684
5 1052 \+ 26679 26980 237 143 88 74
5 1051 \+ 26542 26677 70 171 237 155
5 185 \: 28775 30848 317 209 151 215
5 1061 \+ 28775 28950 317 209 377 171
5 1050 \+ 26319 26540 32 236 70 183
5 1060 \+ 28639 28752 527 299 503 283
5 1049 \+ 26215 26316 126 313 90 298
5 1059 \+ 28452 28636 469 339 527 311
5 1048 \+ 25970 26213 32 379 126 325
5 1058 \+ 28260 28449 317 380 469 351
5 1057 \+ 28038 28257 317 445 317 392
5 184 \: 28038 28753 317 445 503 283
5 1047 \+ 25888 25967 176 489 287 487
5 1056 \+ 27794 28035 438 509 538 466
5 1046 \+ 25648 25885 32 555 176 501
5 182 \: 25648 26981 32 555 88 74
5 1045 \+ 25571 25645 139 577 224 575
5 1055 \+ 27459 27792 497 590 438 521
5 1044 \+ 25240 25568 137 658 139 589
5 1054 \+ 27056 27457 410 686 497 602
5 1043 \+ 25052 25238 32 710 137 670
5 1053 \+ 26983 27053 317 710 410 698
5 183 \: 26983 28036 317 710 538 466
