= section3.gt 5 3
5 1072 \+ 31165 31487 193 115 454 698
5 1083 \+ 33385 33673 317 116 76 698
5 188 \: 33385 34839 317 116 92 412
5 1071 \+ 30999 31162 198 156 193 127
5 1082 \+ 33292 33382 521 152 438 137
5 186 \: 30850 31488 32 194 454 698
5 1070 \+ 30850 30996 32 194 198 168
5 1081 \+ 33129 33289 540 193 521 164
5 1080 \+ 32964 33126 532 234 540 205
5 1079 \+ 32790 32961 451 274 532 246
5 1069 \+ 30525 30847 227 284 151 215
5 1068 \+ 30291 30523 148 339 227 296
5 1078 \+ 32482 32787 317 354 451 286
5 1067 \+ 29922 30288 232 434 148 351
5 1077 \+ 32338 32479 388 462 525 447
5 1066 \+ 29769 29919 281 475 232 446
5 1065 \+ 29634 29766 154 502 281 487
5 1076 \+ 32148 32335 577 516 388 474
5 1064 \+ 29391 29631 32 570 154 514
5 1075 \+ 31854 32144 495 584 568 528
5 1074 \+ 31703 31851 543 625 495 596
5 1063 \+ 29199 29388 170 672 290 643
5 1073 \+ 31490 31700 317 677 543 637
5 187 \: 31490 33383 317 677 438 137
