= section3.gt 5 5
5 1103 \+ 38064 38293 427 104 179 711
5 1094 \+ 35957 36437 266 115 422 657
5 193 \: 37874 39785 317 156 242 266
5 1102 \+ 37874 38061 317 156 427 116
5 190 \: 35738 36438 32 168 422 657
5 1093 \+ 35738 35954 32 168 266 127
5 1101 \+ 37646 37871 481 219 521 176
5 1092 \+ 35481 35735 145 231 271 188
5 1100 \+ 37447 37644 317 273 481 231
5 192 \: 37447 37872 317 273 521 176
5 1091 \+ 35253 35479 168 285 145 243
5 1099 \+ 37281 37444 384 320 401 291
5 1090 \+ 34967 35251 113 353 168 297
5 1089 \+ 34841 34964 32 394 113 365
5 189 \: 34841 35736 32 394 271 188
5 1098 \+ 36962 37278 456 402 384 332
5 1088 \+ 34609 34838 32 454 92 412
5 1097 \+ 36750 36959 535 456 456 414
5 1096 \+ 36597 36747 317 495 535 468
5 1087 \+ 34323 34607 31 522 32 466
5 1086 \+ 34121 34320 103 577 31 534
5 1085 \+ 34039 34119 227 604 103 589
5 1095 \+ 36440 36594 317 636 548 610
5 191 \: 36440 37445 317 636 401 291
5 1084 \+ 33675 34036 76 686 227 616
