= section3.gt 5 4
5 1125 \+ 42174 42237 445 68 196 711
5 1113 \+ 39607 39795 264 104 377 711
5 197 \: 41929 43168 317 134 287 432
5 194 \: 39336 40138 32 167 441 630
5 1123 \+ 41774 41928 317 170 531 155
5 1122 \+ 41544 41772 317 224 317 182
5 1121 \+ 41385 41541 372 265 317 236
5 1111 \+ 39066 39288 186 308 242 266
5 1120 \+ 41129 41383 473 333 372 277
5 1110 \+ 38743 39064 240 390 186 320
5 196 \: 40897 41928 317 398 531 155
5 1109 \+ 38477 38740 32 444 240 402
5 1108 \+ 38308 38474 228 498 32 456
5 1118 \+ 40533 40896 437 503 381 419
5 1107 \+ 38176 38305 99 526 228 510
5 1106 \+ 38078 38173 130 553 99 538
5 1117 \+ 40334 40530 507 557 437 515
5 1105 \+ 37897 38076 32 605 130 565
5 195 \: 40139 40896 317 609 381 419
5 1115 \+ 39947 40138 569 672 441 630
5 1104 \+ 37823 37895 179 699 261 698
5 1114 \+ 39797 39944 377 699 569 684
