= section3.gt 5 5
5 1137 \+ 44001 44232 233 103 348 698
5 1136 \+ 43849 43998 32 144 233 115
5 1147 \+ 46029 46532 499 141 251 684
5 202 \: 45831 46949 317 193 98 575
5 199 \: 43783 44686 32 242 532 589
5 1145 \+ 45543 45830 446 270 543 214
5 1144 \+ 45462 45540 317 295 446 282
5 1134 \+ 43536 43782 267 319 124 263
5 1133 \+ 43410 43534 191 346 267 331
5 201 \: 45303 45830 317 399 543 214
5 198 \: 43169 43782 32 412 124 263
5 1131 \+ 43047 43168 189 448 287 432
5 1142 \+ 45061 45302 523 475 347 419
5 1130 \+ 42887 43045 200 488 189 460
5 1141 \+ 44946 45058 527 503 523 487
5 1129 \+ 42686 42884 32 529 200 500
5 1128 \+ 42539 42684 132 570 32 541
5 200 \: 44687 45302 317 568 347 419
5 1127 \+ 42410 42536 32 597 132 582
5 1126 \+ 42239 42407 32 649 32 609
5 1139 \+ 44416 44686 470 645 532 589
5 1138 \+ 44235 44413 348 686 470 657
