= section3.gt 5 3
5 1167 \+ 51230 51389 454 82 128 698
5 1166 \+ 51152 51227 350 95 454 94
5 1156 \+ 48830 48939 120 159 137 144
5 1165 \+ 50921 51149 560 163 350 107
5 1164 \+ 50799 50918 516 191 560 175
5 204 \: 48651 50137 32 212 450 372
5 1155 \+ 48651 48827 32 212 120 171
5 1163 \+ 50534 50796 349 245 516 203
5 1154 \+ 48489 48648 32 258 288 232
5 1162 \+ 50323 50532 413 299 349 257
5 205 \: 50139 51390 317 352 128 698
5 1161 \+ 50139 50321 317 352 413 311
5 1153 \+ 48293 48487 169 380 296 351
5 1160 \+ 49934 50136 541 414 450 372
5 1152 \+ 48113 48290 133 421 169 392
5 1151 \+ 47800 48110 237 503 133 433
5 1159 \+ 49510 49932 407 510 541 426
5 1150 \+ 47594 47797 32 555 237 515
5 203 \: 47594 48649 32 555 288 232
5 1149 \+ 47437 47591 187 604 98 575
5 1158 \+ 49096 49508 518 618 407 522
5 1157 \+ 48942 49093 317 659 518 630
5 1148 \+ 47166 47434 251 672 187 616
