= section3.gt 5 5
5 1191 \+ 56044 56182 407 81 272 711
5 1179 \+ 53845 53988 143 123 350 684
5 1190 \+ 55805 56040 316 136 387 93
5 1178 \+ 53641 53843 197 177 143 135
5 208 \: 53550 54272 32 202 357 616
5 1177 \+ 53550 53638 32 202 197 189
5 210 \: 55354 56261 317 258 93 684
5 1189 \+ 55354 55802 317 258 316 148
5 1176 \+ 53329 53547 206 265 186 223
5 1188 \+ 55132 55351 361 319 351 276
5 1175 \+ 52928 53327 182 360 206 277
5 1174 \+ 52784 52925 32 387 182 372
5 1187 \+ 54897 55130 504 387 361 331
5 1186 \+ 54776 54894 426 414 504 399
5 1173 \+ 52558 52781 32 453 32 399
5 207 \: 52558 53548 32 453 186 223
5 1185 \+ 54539 54774 354 468 426 426
5 1184 \+ 54421 54536 317 507 354 480
5 1171 \+ 51904 52323 94 543 51 95
5 1183 \+ 54393 54418 352 557 472 569
5 1170 \+ 51727 51901 32 584 94 555
5 1182 \+ 54274 54390 317 598 352 569
5 209 \: 54274 55352 317 598 351 276
5 1169 \+ 51593 51725 186 625 32 596
5 1181 \+ 54130 54271 503 645 357 616
5 1180 \+ 53991 54128 350 672 503 657
5 1168 \+ 51392 51590 32 679 186 637
5 206 \: 51392 52556 32 679 287 474
