= section4.gt 6 4
6 1215 \+ 4570 4920 360 88 157 670
6 1204 \+ 1958 2267 69 105 533 698
6 1203 \+ 1827 1956 238 146 69 117
6 1214 \+ 4326 4568 502 156 360 100
6 1202 \+ 1604 1825 243 201 238 158
6 1201 \+ 1404 1602 123 241 243 213
6 1213 \+ 3988 4323 484 238 502 168
6 1200 \+ 1261 1401 202 282 123 253
6 1212 \+ 3723 3985 544 306 484 250
6 212 \: 1122 2267 32 320 533 698
6 1198 \+ 941 1121 190 370 263 341
6 214 \: 3456 4920 317 371 157 670
6 1197 \+ 783 938 226 411 190 382
6 1196 \+ 655 780 148 438 226 423
6 1210 \+ 3197 3455 366 435 572 392
6 1209 \+ 3076 3195 562 475 366 447
6 1195 \+ 375 652 89 506 148 450
6 1208 \+ 2899 3074 476 516 562 487
6 1194 \+ 204 372 32 547 89 518
6 1207 \+ 2753 2896 562 557 476 528
6 1206 \+ 2643 2750 570 584 562 569
6 211 \: 42 1121 32 596 263 341
6 213 \: 2268 3455 317 677 572 392
5 1192 \+ 55398 55473 272 699 93 684
