= section4.gt 6 5
6 1226 \+ 7143 7473 171 75 471 657
6 1225 \+ 7021 7141 104 102 171 87
6 219 \: 9193 9995 317 137 287 602
6 1224 \+ 6817 7019 212 156 104 114
6 1223 \+ 6632 6814 105 197 212 168
6 1233 \+ 8949 9192 543 214 385 158
6 1222 \+ 6470 6630 32 238 105 209
6 1221 \+ 6370 6468 94 265 32 250
6 216 \: 6193 7654 32 317 523 616
6 1232 \+ 8459 8947 540 336 543 226
6 218 \: 8304 9192 317 372 385 158
6 1219 \+ 5756 6192 101 435 111 338
6 1230 \+ 8177 8264 532 462 442 447
6 1218 \+ 5548 5754 116 489 101 447
6 1229 \+ 7851 8175 517 543 532 474
6 1217 \+ 5103 5545 111 598 116 501
6 217 \: 7655 8264 317 596 442 447
6 215 \: 4921 6192 32 649 111 338
6 1227 \+ 7476 7654 471 645 523 616
