= intro.gt 2 1
2 108 \+ 24603 24753 445 60 131 630
2 97 \+ 22560 22737 228 75 553 616
2 96 \+ 22064 22559 32 89 228 87
2 107 \+ 24286 24597 551 87 445 72
2 106 \+ 24215 24284 400 128 551 99
2 95 \+ 21966 22062 179 143 32 101
2 94 \+ 21783 21964 154 184 179 155
2 93 \+ 21616 21780 32 238 154 196
2 105 \+ 24043 24213 442 290 400 140
2 104 \+ 23560 24041 505 358 442 302
2 92 \+ 21374 21613 102 373 32 250
2 103 \+ 23343 23558 449 398 505 370
2 102 \+ 23188 23341 390 426 449 410
2 91 \+ 20969 21372 101 441 102 385
2 101 \+ 23088 23185 460 453 390 438
2 100 \+ 23009 23085 317 496 460 465
2 90 \+ 20746 20967 54 509 101 453
2 89 \+ 20515 20744 267 536 54 521
2 99 \+ 22895 23007 463 543 410 515
2 18 \: 22560 24753 317 595 205 589
2 88 \+ 20463 20513 135 618 267 548
