= section4.gt 6 5
6 222 \: 11737 13225 32 134 571 398
6 224 \: 14141 15004 317 140 208 589
6 1242 \+ 11573 11736 243 183 236 155
6 1255 \+ 13747 14140 462 244 537 161
6 1241 \+ 11297 11571 251 251 243 195
6 1254 \+ 13599 13744 556 285 462 256
6 1253 \+ 13475 13597 496 312 556 297
6 1240 \+ 10996 11294 87 319 251 263
6 1252 \+ 13340 13473 357 339 496 324
6 223 \: 13226 14140 317 378 537 161
6 1239 \+ 10724 10994 137 387 87 331
6 221 \: 10646 11736 32 412 236 155
6 1250 \+ 13074 13225 378 414 571 398
6 1249 \+ 12939 13071 547 454 378 426
6 1237 \+ 10429 10645 278 475 266 433
6 1248 \+ 12764 12937 496 495 547 466
6 1247 \+ 12563 12761 355 536 496 507
6 1236 \+ 10120 10426 133 543 278 487
6 220 \: 9996 10645 32 582 266 433
6 1246 \+ 12298 12561 409 604 355 548
6 1245 \+ 12079 12295 421 658 409 616
6 1244 \+ 12008 12076 570 686 421 670
