= section4.gt 6 5
6 1266 \+ 16543 16779 80 91 451 698
6 1277 \+ 19000 19008 462 96 507 108
6 229 \: 18863 20701 317 134 175 187
6 1265 \+ 16311 16541 32 157 80 103
6 1275 \+ 18621 18862 438 197 567 155
6 1264 \+ 16230 16309 153 251 267 250
6 1274 \+ 18364 18619 552 265 438 209
6 226 \: 16038 17112 32 303 520 616
6 1273 \+ 18142 18361 535 319 552 277
6 228 \: 17936 18862 317 374 567 155
6 1271 \+ 17913 17935 470 394 349 392
6 1262 \+ 15470 16037 166 448 203 324
6 1270 \+ 17678 17910 422 448 470 406
6 1261 \+ 15409 15467 141 462 166 460
6 1260 \+ 15202 15406 223 516 141 474
6 1269 \+ 17408 17675 459 516 422 460
6 225 \: 15005 16037 32 568 203 324
6 227 \: 17113 17935 317 598 349 392
6 1258 \+ 14787 15004 207 631 208 589
6 1257 \+ 14591 14785 32 672 207 643
6 1267 \+ 16782 17112 451 686 520 616
