= section4.gt 6 4
6 1289 \+ 21317 21359 234 73 446 711
6 1288 \+ 21146 21314 193 114 234 85
6 1297 \+ 23382 23665 317 111 91 684
6 233 \: 23382 24349 317 111 98 521
6 1296 \+ 23203 23379 534 161 569 132
6 230 \: 20965 21360 32 166 446 711
6 1287 \+ 20965 21143 32 166 193 126
6 1286 \+ 20882 20962 32 199 175 187
6 1295 \+ 22912 23200 502 229 534 173
6 1285 \+ 20876 20879 90 249 109 261
6 1294 \+ 22724 22909 377 269 502 241
6 1284 \+ 20659 20873 98 304 90 261
6 1283 \+ 20413 20657 286 372 98 316
6 1293 \+ 22253 22721 409 392 377 281
6 1282 \+ 20271 20410 103 399 286 384
6 1281 \+ 20083 20268 258 453 103 411
6 1292 \+ 22015 22250 317 460 409 404
6 232 \: 22015 23380 317 460 569 132
6 1280 \+ 19845 20080 226 508 258 465
6 1291 \+ 21759 22012 415 534 370 478
6 1279 \+ 19565 19842 224 576 226 520
6 1290 \+ 21399 21756 317 638 415 546
6 231 \: 21399 22013 317 638 370 478
6 1278 \+ 19252 19563 32 655 224 588
