= section4.gt 6 4
6 1310 \+ 25625 25934 274 88 480 670
6 1321 \+ 27919 28281 430 129 67 698
6 235 \: 25412 26286 32 140 364 575
6 1308 \+ 25259 25411 264 190 203 161
6 237 \: 27571 28426 317 222 202 670
6 1307 \+ 24908 25256 169 271 264 202
6 1319 \+ 27341 27570 389 285 424 243
6 1318 \+ 27223 27338 316 312 389 297
6 1306 \+ 24653 24905 258 339 169 283
6 1305 \+ 24500 24651 32 367 258 351
6 1317 \+ 27009 27220 363 367 316 324
6 1316 \+ 26892 27006 344 394 363 379
6 1304 \+ 24341 24497 63 407 32 379
6 1303 \+ 24138 24338 140 462 63 419
6 1315 \+ 26599 26890 566 475 344 406
6 234 \: 24017 25411 32 503 203 161
6 1314 \+ 26447 26596 366 503 566 487
6 236 \: 26287 27570 317 555 424 243
6 1301 \+ 23691 24016 113 590 98 521
6 1300 \+ 23578 23688 137 618 113 602
6 1312 \+ 26100 26286 464 618 364 575
6 1299 \+ 23466 23575 146 645 137 630
6 1311 \+ 25937 26097 480 658 464 630
6 1298 \+ 23353 23464 91 672 146 657
