= section4.gt 6 5
6 1337 \+ 30499 30846 116 109 316 670
6 1349 \+ 32951 33201 388 115 545 73
6 1336 \+ 30371 30496 32 136 116 121
6 1348 \+ 32767 32948 539 170 388 127
6 240 \: 30253 31224 32 175 556 589
6 1347 \+ 32609 32765 317 197 539 182
6 1334 \+ 30151 30252 293 211 282 195
6 1346 \+ 32496 32606 317 224 317 209
6 1333 \+ 29844 30149 159 279 293 223
6 1332 \+ 29681 29841 193 319 159 291
6 1345 \+ 32125 32493 406 319 317 236
6 1331 \+ 29586 29678 279 347 193 331
6 242 \: 31992 33201 317 360 545 73
6 1330 \+ 29452 29583 132 374 279 359
6 239 \: 29320 30252 32 412 282 195
6 1343 \+ 31792 31991 455 421 378 379
6 1328 \+ 29218 29319 160 448 133 433
6 1342 \+ 31611 31789 351 462 455 433
6 1327 \+ 29044 29215 116 489 160 460
6 1326 \+ 28995 29041 158 503 116 501
6 1341 \+ 31389 31608 317 516 351 474
6 1325 \+ 28838 28993 207 543 158 515
6 241 \: 31225 31991 317 568 378 379
6 1324 \+ 28586 28836 62 598 207 555
6 1339 \+ 31033 31224 409 618 556 589
6 238 \: 28427 29319 95 639 133 433
6 1323 \+ 28429 28583 109 639 62 610
6 1338 \+ 30848 31030 316 658 409 630
6 1322 \+ 28284 28426 67 686 202 670
