= section4.gt 6 6
6 248 \: 38102 38662 317 80 176 589
6 1360 \+ 35463 35721 275 115 523 711
6 1374 \+ 38011 38101 543 115 439 100
6 1373 \+ 37796 38008 317 156 543 127
6 245 \: 35255 35721 32 168 523 711
6 1372 \+ 37761 37793 422 170 317 168
6 1357 \+ 35068 35106 32 217 238 229
6 1358 \+ 35109 35254 238 217 166 188
6 1371 \+ 37546 37759 462 224 422 182
6 1370 \+ 37502 37543 517 238 462 236
6 1356 \+ 34910 35065 63 258 32 229
6 1369 \+ 37293 37499 538 292 517 250
6 1355 \+ 34772 34907 188 299 63 270
6 1354 \+ 34643 34770 68 326 188 311
6 247 \: 37133 38101 317 330 439 100
6 1367 \+ 36984 37132 320 367 531 351
6 244 \: 34479 35254 32 378 166 188
6 1366 \+ 36700 36980 530 448 583 392
6 1365 \+ 36419 36697 518 516 530 460
6 1352 \+ 33942 34478 164 522 165 398
6 1364 \+ 36300 36417 466 543 518 528
6 1351 \+ 33664 33939 123 590 164 534
6 1363 \+ 35964 36298 466 625 466 555
6 1362 \+ 35895 35961 394 639 466 637
6 246 \: 35722 37132 317 690 531 351
6 243 \: 33202 34478 32 710 165 398
