= section4.gt 6 4
6 1385 \+ 40735 40823 110 102 271 100
6 1394 \+ 42255 42525 433 130 123 711
6 251 \: 40604 41508 32 140 378 462
6 1384 \+ 40604 40732 32 140 110 114
6 1393 \+ 42122 42252 317 169 433 142
6 1383 \+ 40462 40601 102 176 260 161
6 1382 \+ 40187 40459 32 252 102 188
6 250 \: 40187 40602 32 252 260 161
6 1392 \+ 41911 42119 459 335 403 292
6 1391 \+ 41761 41908 526 376 459 347
6 1381 \+ 39851 40141 229 407 284 351
6 1380 \+ 39760 39849 70 421 229 419
6 252 \: 41510 43340 317 441 115 507
6 1390 \+ 41510 41759 317 441 526 388
6 1389 \+ 41383 41507 316 477 378 462
6 1379 \+ 39521 39757 234 489 70 433
6 1388 \+ 41221 41380 364 518 316 489
6 1378 \+ 39205 39518 32 568 234 501
6 249 \: 39205 40142 32 568 284 351
6 1387 \+ 41035 41219 540 572 364 530
6 1386 \+ 40826 41033 317 624 540 584
6 1377 \+ 38917 39202 83 645 176 589
6 1376 \+ 38789 38914 260 686 83 657
