= section4.gt 6 4
6 1405 \+ 44388 44582 200 75 428 684
6 1418 \+ 46922 47390 577 75 153 616
6 1417 \+ 46824 46920 368 88 577 87
6 1404 \+ 44198 44386 92 115 200 87
6 1416 \+ 46677 46821 474 129 368 100
6 1403 \+ 43972 44195 111 170 92 127
6 256 \: 46482 47687 317 181 264 548
6 254 \: 43731 45008 32 236 375 575
6 1414 \+ 46182 46481 563 271 406 202
6 1401 \+ 43485 43730 97 299 210 256
6 1413 \+ 45990 46180 443 312 563 283
6 1400 \+ 43310 43482 68 339 97 311
6 1412 \+ 45762 45987 441 367 443 324
6 1399 \+ 42955 43308 234 435 68 351
6 1411 \+ 45501 45759 552 435 441 379
6 253 \: 42745 43730 32 487 210 256
6 1410 \+ 45252 45499 407 489 552 447
6 1409 \+ 45164 45249 531 516 407 501
6 1397 \+ 42552 42744 254 550 115 507
6 255 \: 45009 46481 317 555 406 202
6 1396 \+ 42302 42549 116 604 254 562
6 1407 \+ 44854 45008 428 604 375 575
6 1406 \+ 44585 44851 428 672 428 616
6 1395 \+ 41940 42299 123 699 116 616
