= section4.gt 6 5
6 1443 \+ 51968 52172 483 61 131 670
6 259 \: 49293 50372 32 107 409 494
6 261 \: 51774 54121 317 113 205 72
6 1441 \+ 51648 51773 360 149 503 134
6 1427 \+ 49028 49292 66 170 258 127
6 1426 \+ 48918 49025 65 197 66 182
6 1440 \+ 51443 51645 408 203 360 161
6 1425 \+ 48713 48915 114 251 65 209
6 1439 \+ 51208 51441 359 258 408 215
6 1438 \+ 51080 51205 504 299 359 270
6 258 \: 48538 49292 32 304 258 127
6 1437 \+ 50951 51078 421 326 504 311
6 1436 \+ 50779 50948 410 367 421 338
6 1423 \+ 48296 48537 285 380 112 324
6 1422 \+ 48022 48294 55 435 285 392
6 1435 \+ 50520 50776 505 435 410 379
6 260 \: 50373 51773 317 475 503 134
6 1421 \+ 47801 48019 69 489 55 447
6 257 \: 47688 48537 32 528 112 324
6 1433 \+ 50181 50372 564 536 409 494
6 1432 \+ 50070 50178 573 563 564 548
6 1419 \+ 47393 47687 153 604 264 548
6 1431 \+ 49834 50067 505 618 573 575
6 1430 \+ 49710 49831 484 645 505 630
6 1429 \+ 49524 49708 368 686 484 657
