= section4.gt 6 2
6 1465 \+ 56508 56706 487 60 32 634
6 1464 \+ 56393 56506 369 87 487 72
6 1463 \+ 56288 56390 339 114 369 99
6 1462 \+ 56168 56286 451 155 339 126
6 1448 \+ 53785 54121 194 164 205 72
6 1447 \+ 53660 53783 267 205 194 176
6 1461 \+ 55917 56166 371 223 451 167
6 1460 \+ 55839 55914 420 250 371 235
6 1459 \+ 55731 55836 317 293 420 262
6 1458 \+ 55705 55729 376 299 498 311
6 1457 \+ 55475 55703 317 353 376 311
6 263 \: 55316 57233 317 405 223 512
6 1446 \+ 52792 53658 54 472 267 217
6 1455 \+ 55069 55315 453 468 551 426
6 1454 \+ 54879 55067 339 509 453 480
6 1453 \+ 54762 54876 569 550 339 521
6 1452 \+ 54511 54759 387 604 569 562
6 1445 \+ 52356 52789 228 618 54 484
6 1451 \+ 54478 54508 469 618 387 616
6 1444 \+ 52175 52353 131 658 228 630
6 1450 \+ 54305 54476 418 658 469 630
6 262 \: 54122 55315 317 710 551 426
