= intro.gt 2 3
2 118 \+ 26676 26868 238 121 417 684
2 117 \+ 26513 26673 203 161 238 133
2 116 \+ 26368 26511 225 202 203 173
2 129 \+ 28798 28955 480 207 234 643
2 115 \+ 26229 26366 283 266 225 214
2 128 \+ 28059 28795 515 273 480 219
2 127 \+ 27884 28057 449 301 515 285
2 114 \+ 26044 26226 32 306 283 278
2 113 \+ 25823 26041 66 347 32 318
2 126 \+ 27759 27881 317 352 449 313
2 112 \+ 25425 25820 32 386 66 359
2 21 \: 27412 28796 317 441 234 643
2 125 \+ 27562 27757 317 441 501 415
2 124 \+ 27412 27559 504 477 415 462
2 123 \+ 27318 27409 469 504 504 489
2 111 \+ 25309 25423 144 521 162 492
2 122 \+ 27198 27316 473 531 469 516
2 19 \: 25009 26947 32 559 408 602
2 110 \+ 25136 25306 32 559 144 533
2 121 \+ 27091 27195 317 569 473 543
2 20 \: 26950 27410 317 569 415 462
2 109 \+ 25009 25134 150 618 205 589
2 120 \+ 26950 27088 476 618 408 602
2 119 \+ 26870 26946 417 672 476 630
