= section4.gt 6 4
6 1488 \+ 61273 61320 317 70 94 698
6 1476 \+ 58812 59002 279 79 420 684
6 1487 \+ 61124 61271 489 115 400 87
6 1475 \+ 58612 58809 76 120 279 91
6 1474 \+ 58392 58609 95 174 76 132
6 267 \: 60823 63001 317 195 227 214
6 1473 \+ 58142 58389 213 242 95 186
6 1485 \+ 60632 60822 450 244 572 215
6 265 \: 58052 59574 32 270 358 534
6 1484 \+ 60402 60630 401 299 450 256
6 1471 \+ 57804 58051 166 344 88 288
6 1483 \+ 60127 60399 421 367 401 311
6 1482 \+ 59929 60124 442 421 421 379
6 1470 \+ 57420 57802 163 439 166 356
6 1481 \+ 59793 59926 316 448 442 433
6 264 \: 57234 58051 32 491 88 288
6 266 \: 59575 60822 317 516 572 215
6 1468 \+ 57044 57233 67 541 223 512
6 1467 \+ 56940 57041 109 568 67 553
6 1479 \+ 59325 59574 461 590 358 534
6 1466 \+ 56709 56937 32 622 109 580
6 1478 \+ 59237 59322 549 618 461 602
6 1477 \+ 59005 59235 420 672 549 630
