= section4.gt 6 4
6 1498 \+ 63413 63567 230 87 466 711
6 1509 \+ 65756 65926 504 96 260 711
6 1508 \+ 65600 65754 528 136 504 108
6 1497 \+ 63123 63410 147 155 230 99
6 268 \: 63002 63912 32 193 350 616
6 271 \: 65286 65926 317 216 260 711
6 1495 \+ 62784 63001 186 256 227 214
6 1506 \+ 65096 65285 317 265 467 236
6 1505 \+ 64881 65093 359 319 317 277
6 1504 \+ 64764 64878 522 360 359 331
6 270 \: 64677 65285 317 385 467 236
6 1494 \+ 62208 62782 92 413 186 268
6 1502 \+ 64362 64676 543 475 540 406
6 1493 \+ 61929 62206 32 512 92 425
6 1501 \+ 64147 64360 490 530 543 487
6 1492 \+ 61844 61927 169 543 45 527
6 269 \: 63913 64676 317 598 540 406
6 1491 \+ 61449 61842 54 645 169 555
6 1490 \+ 61421 61447 145 658 54 657
6 1489 \+ 61322 61419 94 686 145 670
6 1499 \+ 63570 63912 466 699 350 616
