= section4.gt 6 5
6 1529 \+ 70700 70846 562 61 213 684
6 1520 \+ 68142 68309 148 96 459 711
6 276 \: 70550 72093 317 99 165 371
6 274 \: 67911 69228 32 161 354 466
6 1518 \+ 67576 67910 157 251 152 182
6 1527 \+ 69984 70549 536 258 404 120
6 1517 \+ 67374 67573 216 306 157 263
6 1526 \+ 69671 69982 317 326 536 270
6 273 \: 67140 67910 32 374 152 182
6 1525 \+ 69427 69668 462 394 317 338
6 1515 \+ 66915 67139 32 435 89 392
6 275 \: 69229 70549 317 448 404 120
6 1514 \+ 66682 66913 284 503 32 447
6 1523 \+ 68920 69228 379 536 354 466
6 1513 \+ 66479 66679 66 543 284 515
6 1512 \+ 66297 66476 231 598 66 555
6 1522 \+ 68480 68917 316 645 379 548
6 1511 \+ 66006 66295 135 666 231 610
6 272 \: 65927 67139 32 691 89 392
6 1521 \+ 68312 68478 459 699 316 657
