= section4.gt 6 4
6 1550 \+ 75630 75836 444 82 99 684
6 1539 \+ 73078 73351 289 108 571 698
6 1549 \+ 75465 75627 479 123 444 94
6 280 \: 75160 76263 317 202 285 589
6 1538 \+ 72578 73075 237 231 289 120
6 1547 \+ 74925 75159 558 279 377 223
6 1537 \+ 72280 72576 124 299 237 243
6 1546 \+ 74711 74923 573 333 558 291
6 277 \: 72094 73460 32 350 550 670
6 279 \: 74448 75159 317 399 377 223
6 1535 \+ 71739 72093 67 441 165 371
6 1544 \+ 74234 74447 316 448 554 419
6 1534 \+ 71557 71737 244 495 67 453
6 1543 \+ 74028 74231 406 503 316 460
6 1533 \+ 71459 71555 282 522 244 507
6 1542 \+ 73748 74025 392 571 406 515
6 1532 \+ 71194 71456 52 577 282 534
6 1531 \+ 71001 71192 167 631 52 589
6 278 \: 73461 74447 317 650 554 419
6 1530 \+ 70849 70998 213 672 167 643
6 1540 \+ 73354 73460 571 686 550 670
