= section4.gt 6 5
= section5.gt 7 1
6 1567 \+ 79256 79424 115 82 424 698
7 1577 \+ 305 452 558 90 185 711
6 1566 \+ 79160 79254 159 109 115 94
6 1565 \+ 79102 79157 117 123 159 121
6 283 \: 79029 79941 32 148 525 575
6 1564 \+ 79029 79099 32 148 117 135
7 286 \: 29 1106 317 153 175 548
7 1576 \+ 29 303 317 153 558 102
6 1563 \+ 78874 79026 202 197 145 168
6 1562 \+ 78706 78872 234 238 202 209
6 1561 \+ 78603 78704 273 265 234 250
6 1575 \+ 80942 81236 317 292 410 223
6 285 \: 80942 81237 317 292 410 223
6 1560 \+ 78380 78600 32 317 273 277
6 282 \: 78380 79027 32 317 145 168
6 1574 \+ 80620 80939 433 380 369 311
6 1559 \+ 78102 78377 202 394 185 338
6 1558 \+ 77963 78099 69 421 202 406
6 1573 \+ 80380 80617 316 435 433 392
6 1557 \+ 77783 77960 243 475 69 433
6 1572 \+ 80258 80378 540 475 316 447
6 1555 \+ 77681 77730 31 489 272 501
6 1556 \+ 77732 77781 272 489 243 487
6 1571 \+ 80128 80255 440 503 540 487
6 1554 \+ 77536 77679 144 530 31 501
6 1570 \+ 79943 80125 317 555 440 515
6 284 \: 79943 80940 317 555 369 311
6 1553 \+ 77407 77533 32 568 144 542
6 281 \: 77407 78378 32 568 185 338
6 1569 \+ 79771 79940 519 604 525 575
6 1552 \+ 77177 77404 259 631 285 589
6 1551 \+ 76978 77174 99 672 259 643
6 1568 \+ 79427 79769 424 686 519 616
