= section5.gt 7 4
7 290 \: 4857 5837 317 140 186 562
7 1598 \+ 4531 4856 357 217 567 161
7 1588 \+ 2154 2652 54 236 118 91
7 1597 \+ 4336 4529 456 271 357 229
7 1587 \+ 2063 2152 32 279 54 248
7 1586 \+ 2020 2061 282 299 233 297
7 1596 \+ 4103 4334 391 326 456 283
7 1585 \+ 1804 2018 236 353 282 311
7 1595 \+ 3883 4100 425 380 391 338
7 1584 \+ 1585 1802 227 407 236 365
7 1594 \+ 3736 3880 526 421 425 392
7 1583 \+ 1404 1582 154 448 227 419
7 289 \: 3585 4856 317 460 567 161
7 1592 \+ 3407 3584 563 522 334 480
7 287 \: 1098 2652 32 528 118 91
7 1581 \+ 935 1097 191 577 175 548
7 1591 \+ 3111 3404 442 590 563 534
7 1580 \+ 828 933 197 604 191 589
7 1579 \+ 742 825 31 618 197 616
7 1590 \+ 2846 3108 465 658 442 602
7 1578 \+ 452 739 185 699 31 630
7 288 \: 2653 3584 317 710 334 480
