= section5.gt 7 5
7 1622 \+ 10081 10335 431 61 285 670
7 293 \: 7578 8585 32 82 349 480
7 1611 \+ 7505 7577 62 102 149 100
7 1621 \+ 9811 10079 456 129 431 73
7 1610 \+ 7348 7502 59 143 62 114
7 1609 \+ 7217 7346 165 183 59 155
7 295 \: 9560 10836 317 195 59 534
7 1608 \+ 7052 7214 149 224 165 195
7 1619 \+ 9417 9559 459 244 364 215
7 292 \: 6765 7577 32 303 149 100
7 1618 \+ 9158 9414 520 312 459 256
7 1606 \+ 6637 6764 214 339 286 324
7 1605 \+ 6476 6635 222 380 214 351
7 1617 \+ 8876 9155 443 380 520 324
7 1604 \+ 6258 6473 196 435 222 392
7 1603 \+ 6113 6255 32 462 196 447
7 294 \: 8586 9559 317 460 364 215
7 1615 \+ 8325 8585 413 536 349 480
7 291 \: 5838 6764 32 541 286 324
7 1614 \+ 8106 8322 407 590 413 548
7 1601 \+ 5467 5837 32 631 186 562
7 1613 \+ 7821 8103 406 658 407 602
7 1600 \+ 5218 5464 188 699 32 643
