= section5.gt 7 3
7 1631 \+ 12889 12996 470 129 343 119
7 1629 \+ 12171 12680 236 152 512 166
7 1630 \+ 12683 12887 512 157 470 138
7 1641 \+ 15258 15376 337 197 146 711
7 1628 \+ 11963 12169 32 204 236 164
7 298 \: 15079 16064 317 249 77 534
7 1640 \+ 15079 15255 317 249 337 209
7 1627 \+ 11835 11960 236 312 298 297
7 1639 \+ 14809 15076 443 326 428 270
7 1638 \+ 14619 14806 317 367 443 338
7 1637 \+ 14393 14616 317 432 317 379
7 297 \: 14393 15077 317 432 428 270
7 1626 \+ 11212 11833 192 462 236 324
7 1636 \+ 14158 14390 460 495 514 453
7 1625 \+ 11016 11210 32 516 192 474
7 296 \: 11016 14391 32 516 514 453
7 1635 \+ 13894 14156 549 563 460 507
7 1624 \+ 10810 11013 154 577 59 534
7 1634 \+ 13790 13891 317 577 549 575
7 1633 \+ 13627 13787 317 618 317 589
7 1623 \+ 10502 10808 285 658 154 589
