= section5.gt 7 5
7 1664 \+ 20409 20584 383 68 102 684
7 1654 \+ 17841 17953 275 75 546 711
7 1653 \+ 17631 17838 32 115 275 87
7 303 \: 20171 20957 317 134 199 602
7 1663 \+ 20171 20406 317 134 383 80
7 300 \: 17464 18692 32 168 572 534
7 1652 \+ 17464 17628 32 168 32 127
7 1662 \+ 19994 20168 443 183 479 155
7 1651 \+ 17223 17461 123 231 200 188
7 1650 \+ 17029 17221 270 285 123 243
7 1661 \+ 19483 19992 382 306 443 195
7 1649 \+ 16843 17026 198 326 270 297
7 1648 \+ 16660 16841 126 367 198 338
7 1660 \+ 19194 19480 317 385 382 318
7 302 \: 19194 20169 317 385 479 155
7 1647 \+ 16469 16657 61 407 126 379
7 1646 \+ 16248 16466 94 462 61 419
7 1659 \+ 18910 19191 569 462 561 406
7 1658 \+ 18766 18907 419 489 569 474
7 1645 \+ 16066 16245 32 514 94 474
7 299 \: 16066 17462 32 514 200 188
7 1657 \+ 18694 18763 317 514 419 501
7 301 \: 18694 19192 317 514 561 406
7 1644 \+ 15779 16063 279 604 77 534
7 1656 \+ 18341 18691 542 604 572 534
7 1643 \+ 15589 15776 135 645 279 616
7 1642 \+ 15379 15586 146 699 135 657
7 1655 \+ 17956 18339 546 699 542 616
