= section5.gt 7 5
7 1674 \+ 21937 22216 159 67 527 657
7 1673 \+ 21843 21934 245 94 159 79
7 1687 \+ 24174 24456 395 109 131 104
7 1686 \+ 24086 24171 498 136 395 121
7 1672 \+ 21645 21841 32 146 245 106
7 1685 \+ 23942 24083 317 164 498 148
7 1684 \+ 23793 23939 438 204 317 176
7 308 \: 23711 24660 317 229 112 75
7 1682 \+ 23599 23710 366 265 404 250
7 1671 \+ 21621 21643 76 319 188 331
7 1681 \+ 23422 23596 546 319 366 277
7 305 \: 21448 22216 32 372 527 657
7 307 \: 23098 23710 317 398 404 250
7 1669 \+ 21231 21447 93 435 101 392
7 1679 \+ 22961 23097 316 435 461 419
7 1678 \+ 22748 22959 352 489 316 447
7 1668 \+ 20888 21229 266 530 93 447
7 1677 \+ 22491 22745 391 557 352 501
7 304 \: 20674 21447 32 582 101 392
7 1676 \+ 22319 22488 573 611 391 569
7 1666 \+ 20497 20673 186 631 199 602
7 306 \: 22217 23097 317 636 461 419
7 1665 \+ 20304 20494 102 672 186 643
