= intro.gt 2 4
2 150 \+ 33187 33333 557 61 165 698
2 140 \+ 30968 31384 275 75 384 643
2 139 \+ 30626 30967 131 88 275 87
2 149 \+ 33106 33184 457 102 557 73
2 138 \+ 30543 30623 61 129 131 100
2 137 \+ 30365 30540 85 183 61 141
2 148 \+ 32930 33103 444 183 457 114
2 136 \+ 30163 30362 204 224 85 195
2 147 \+ 32614 32927 317 279 444 195
2 23 \: 29719 30967 32 304 384 643
2 146 \+ 32221 32611 434 319 317 291
2 25 \: 31957 33514 317 358 172 616
2 134 \+ 29719 30020 65 380 199 324
2 144 \+ 31957 32073 404 407 460 379
2 133 \+ 29417 29718 156 448 65 392
2 143 \+ 31791 31956 469 462 404 419
2 142 \+ 31593 31788 457 516 469 474
2 132 \+ 29156 29415 269 543 156 460
2 131 \+ 28795 29154 264 584 269 555
2 22 \: 28471 29718 32 622 199 324
2 24 \: 30968 31956 317 623 460 379
