= section5.gt 7 5
7 1712 \+ 29431 29792 427 68 256 643
7 1688 \+ 24458 24660 131 95 112 75
7 1700 \+ 26994 27265 122 122 393 657
7 1711 \+ 29214 29428 442 123 427 80
7 1710 \+ 29083 29211 350 150 442 135
7 1699 \+ 26756 26991 62 176 122 134
7 1698 \+ 26540 26753 155 231 62 188
7 313 \: 28794 30074 317 232 264 575
7 1708 \+ 28639 28793 540 279 513 250
7 1697 \+ 26318 26537 111 285 155 243
7 1707 \+ 28578 28637 518 292 540 291
7 1696 \+ 26190 26316 275 326 111 297
7 1706 \+ 28340 28575 391 347 518 304
7 1695 \+ 25996 26187 150 367 275 338
7 1694 \+ 25914 25993 32 380 150 379
7 1705 \+ 28138 28338 497 401 391 359
7 310 \: 25642 27265 32 460 393 657
7 312 \: 27828 28793 317 480 513 250
7 1703 \+ 27663 27827 375 530 381 501
7 1692 \+ 25205 25641 227 577 196 480
7 1702 \+ 27485 27660 566 584 375 542
7 1691 \+ 25132 25202 159 590 227 589
7 311 \: 27266 27827 317 639 381 501
7 1690 \+ 24915 25129 198 645 159 602
7 309 \: 24661 25641 32 710 196 480
