= section5.gt 7 6
7 1739 \+ 34222 34555 574 71 262 643
7 1727 \+ 31813 32002 123 96 539 711
7 1738 \+ 33935 34219 531 139 574 83
7 316 \: 31648 32219 32 148 507 657
7 1725 \+ 31496 31647 69 183 285 168
7 319 \: 33670 34555 317 205 262 643
7 1724 \+ 31384 31493 59 211 69 195
7 1723 \+ 31316 31382 244 238 59 223
7 1722 \+ 31170 31313 60 265 244 250
7 1721 \+ 31071 31168 126 292 60 277
7 1736 \+ 33320 33669 446 295 572 225
7 1720 \+ 30945 31068 31 319 126 304
7 1735 \+ 33196 33317 386 322 446 307
7 315 \: 30833 31647 32 358 285 168
7 1734 \+ 33026 33193 367 363 386 334
7 1718 \+ 30738 30832 235 394 169 379
7 1733 \+ 32951 33024 535 390 367 375
7 1717 \+ 30609 30736 146 421 235 406
7 1732 \+ 32838 32948 523 417 535 402
7 1716 \+ 30449 30607 244 462 146 433
7 318 \: 32655 33669 317 467 572 225
7 1715 \+ 30303 30446 99 489 244 474
7 314 \: 30075 30832 32 554 169 379
7 1730 \+ 32349 32624 488 598 486 542
7 1713 \+ 29795 30074 256 631 264 575
7 317 \: 32220 32624 317 636 486 542
7 1728 \+ 32005 32219 539 699 507 657
