= section5.gt 7 4
7 1760 \+ 39356 39573 501 102 237 711
7 1748 \+ 36757 37390 91 158 505 643
7 323 \: 39099 40497 317 168 68 480
7 1759 \+ 39099 39353 317 168 501 114
7 1747 \+ 36615 36755 73 199 91 170
7 1758 \+ 38995 39096 415 203 381 188
7 1746 \+ 36491 36612 189 239 73 211
7 1757 \+ 38763 38993 316 258 415 215
7 1756 \+ 38718 38761 377 271 316 270
7 1745 \+ 36339 36489 174 280 189 251
7 1755 \+ 38583 38716 516 312 377 283
7 1754 \+ 38488 38580 317 326 516 324
7 1753 \+ 38288 38485 350 380 317 338
7 1744 \+ 35995 36336 136 387 166 292
7 321 \: 35810 37959 32 439 366 494
7 1743 \+ 35810 35993 32 439 136 399
7 1752 \+ 38109 38285 569 435 350 392
7 1751 \+ 37961 38106 317 475 569 447
7 322 \: 37961 39097 317 475 381 188
7 1742 \+ 35484 35807 214 530 225 460
7 1750 \+ 37580 37958 347 577 366 494
7 1741 \+ 35238 35481 65 584 214 542
7 1740 \+ 35128 35235 32 622 65 596
7 320 \: 35128 35808 32 622 225 460
7 1749 \+ 37393 37577 505 631 347 589
