= section5.gt 7 5
7 1773 \+ 41232 41494 151 88 403 684
7 1786 \+ 43512 43804 419 123 118 698
7 1772 \+ 41048 41229 91 129 151 100
7 328 \: 43437 44273 317 150 268 589
7 325 \: 40822 41955 32 197 522 575
7 1784 \+ 43295 43436 400 197 344 168
7 1783 \+ 43040 43292 476 265 400 209
7 1770 \+ 40594 40821 248 271 52 215
7 1782 \+ 42896 43037 573 306 476 277
7 327 \: 42803 43436 317 331 344 168
7 1769 \+ 40284 40592 65 339 248 283
7 1780 \+ 42564 42802 419 394 527 351
7 1768 \+ 40003 40282 252 421 65 351
7 1779 \+ 42446 42561 392 421 419 406
7 324 \: 39846 40821 32 460 52 215
7 1766 \+ 39687 39845 117 509 68 480
7 1778 \+ 42031 42444 414 530 392 433
7 326 \: 41956 42802 317 554 527 351
7 1765 \+ 39447 39685 32 563 117 521
7 1764 \+ 39318 39444 218 604 32 575
7 1776 \+ 41775 41955 439 604 522 575
7 1775 \+ 41645 41772 317 631 439 616
7 1763 \+ 39156 39316 270 645 218 616
7 1762 \+ 39046 39153 275 672 270 657
7 1774 \+ 41497 41642 403 672 317 643
7 1761 \+ 38928 39043 237 699 275 684
