= section5.gt 7 5
7 1800 \+ 46176 46271 179 75 562 711
7 1799 \+ 45977 46174 186 129 179 87
7 1810 \+ 48215 48493 448 128 184 711
7 1809 \+ 47978 48212 365 182 448 140
7 1798 \+ 45642 45974 101 211 186 141
7 1808 \+ 47816 47975 371 223 365 194
7 333 \: 47706 48606 317 259 175 684
7 1797 \+ 45460 45639 287 265 101 223
7 330 \: 45186 46853 32 331 496 562
7 1795 \+ 45060 45185 87 367 195 351
7 332 \: 47483 47662 317 372 387 331
7 1794 \+ 44936 45057 281 407 87 379
7 1793 \+ 44722 44933 78 448 281 419
7 1805 \+ 47190 47482 395 448 511 392
7 1804 \+ 47070 47187 352 475 395 460
7 1792 \+ 44546 44720 32 489 78 460
7 1791 \+ 44415 44544 202 530 32 501
7 1790 \+ 44346 44412 125 543 202 542
7 331 \: 46854 47482 317 541 511 392
7 329 \: 44274 45185 32 568 195 351
7 1788 \+ 44042 44273 177 631 268 589
7 1802 \+ 46466 46853 476 645 496 562
7 1787 \+ 43807 44039 118 686 177 643
7 1801 \+ 46273 46463 562 699 476 657
