= section5.gt 7 5
7 1838 \+ 52925 53096 349 61 111 684
7 1825 \+ 50461 50675 60 73 353 684
7 1837 \+ 52803 52923 502 102 349 73
7 1836 \+ 52743 52801 391 115 502 114
7 1824 \+ 50296 50458 205 128 60 85
7 1834 \+ 52457 52478 317 183 429 195
7 1835 \+ 52481 52741 429 183 391 127
7 1823 \+ 50043 50293 273 196 205 140
7 1822 \+ 49896 50041 32 234 273 208
7 338 \: 52299 53531 317 235 56 575
7 1821 \+ 49887 49894 100 313 146 325
7 1832 \+ 52008 52298 432 326 408 256
7 336 \: 49756 51066 32 352 494 589
7 1831 \+ 51852 52005 467 367 432 338
7 1819 \+ 49670 49755 62 374 204 372
7 1818 \+ 49563 49667 80 401 62 386
7 1817 \+ 49442 49561 32 428 80 413
7 1830 \+ 51601 51849 543 435 457 379
7 335 \: 49330 49755 32 467 204 372
7 1829 \+ 51289 51598 317 503 543 447
7 1815 \+ 49182 49329 250 516 130 487
7 337 \: 51067 52298 317 568 408 256
7 1814 \+ 48884 49179 79 584 250 528
7 1827 \+ 50877 51066 352 618 494 589
7 1813 \+ 48712 48881 32 625 79 596
7 334 \: 48607 49329 32 664 130 487
7 1826 \+ 50678 50875 353 672 352 630
7 1811 \+ 48496 48606 184 699 175 684
