= section5.gt 7 5
7 1849 \+ 55440 55659 264 61 558 670
7 1859 \+ 57590 57761 316 85 95 698
7 1848 \+ 55166 55438 32 115 264 73
7 1858 \+ 57440 57587 371 126 316 97
7 1847 \+ 54960 55164 109 170 32 127
7 1857 \+ 57245 57437 459 180 371 138
7 340 \: 54789 55823 32 222 526 630
7 343 \: 57055 57878 317 232 111 670
7 1845 \+ 54571 54788 145 285 108 243
7 1855 \+ 56787 57054 527 309 461 253
7 1844 \+ 54363 54568 84 339 145 297
7 1854 \+ 56566 56784 563 363 527 321
7 1843 \+ 54149 54360 67 394 84 351
7 342 \: 56405 57054 317 402 461 253
7 1852 \+ 56199 56404 462 465 375 422
7 1842 \+ 53793 54147 226 489 67 406
7 1841 \+ 53615 53791 170 530 226 501
7 339 \: 53532 54788 32 554 108 243
7 341 \: 55845 56404 317 555 375 422
7 1850 \+ 55661 55823 558 658 526 630
7 1839 \+ 53098 53531 111 672 56 575
