= section5.gt 7 4
7 1883 \+ 62741 62888 566 77 222 698
7 1871 \+ 60500 60784 85 83 281 81
7 1882 \+ 62506 62738 374 104 566 89
7 1870 \+ 60247 60497 32 163 85 95
7 347 \: 62506 63720 317 169 252 534
7 1881 \+ 62408 62503 317 169 374 116
7 1880 \+ 62303 62406 440 205 365 190
7 1879 \+ 62107 62300 477 233 440 217
7 1878 \+ 61849 62105 368 273 477 245
7 1869 \+ 60188 60244 32 306 154 250
7 1877 \+ 61772 61846 427 341 368 285
7 1868 \+ 60018 60185 233 360 32 318
7 1876 \+ 61372 61769 317 366 427 353
7 346 \: 61772 62504 317 366 365 190
7 1867 \+ 59843 60015 210 401 233 372
7 1866 \+ 59752 59840 32 426 210 413
7 345 \: 59752 61770 32 426 496 387
7 1875 \+ 61158 61369 486 470 496 387
7 1865 \+ 59582 59749 189 475 197 447
7 1864 \+ 59397 59579 121 516 189 487
7 1874 \+ 61040 61155 562 524 486 482
7 1863 \+ 59309 59394 240 543 121 528
7 1873 \+ 60884 61037 510 552 562 536
7 1872 \+ 60787 60881 317 591 510 564
7 1862 \+ 58991 59306 121 611 240 555
7 1861 \+ 58854 58988 32 650 121 623
7 344 \: 58854 59750 32 650 197 447
7 1860 \+ 58736 58851 95 686 111 670
