= intro.gt 2 6
2 161 \+ 35570 35870 125 108 317 698
2 31 \: 37756 39038 317 107 105 426
2 171 \+ 37756 38003 377 143 411 127
2 28 \: 34969 35870 32 203 431 630
2 170 \+ 37640 37755 427 211 377 155
2 169 \+ 37370 37638 316 251 427 223
2 159 \+ 34969 35317 158 306 256 236
2 168 \+ 37187 37367 460 333 316 263
2 158 \+ 34632 34968 75 374 158 318
2 30 \: 36757 37755 317 374 411 127
2 27 \: 34285 34968 32 399 256 236
2 156 \+ 34285 34343 114 421 287 419
2 166 \+ 36757 36886 462 435 396 392
2 155 \+ 34196 34284 232 462 114 433
2 165 \+ 36559 36756 317 489 462 447
2 154 \+ 34062 34193 203 543 232 474
2 164 \+ 36312 36556 458 557 317 501
2 26 \: 33515 34284 32 596 287 419
2 29 \: 35871 36756 317 609 396 392
2 152 \+ 33515 33709 63 645 172 616
2 151 \+ 33336 33514 165 686 63 657
2 162 \+ 35871 36053 317 686 431 630
