= intro.gt 2 4
2 169 \+ 40677 40790 32 86 382 711
2 33 \: 40677 41453 32 86 451 548
2 168 \+ 40476 40674 140 135 284 107
2 178 \+ 42621 43240 317 222 480 73
2 35 \: 42621 43241 317 222 480 73
2 167 \+ 40120 40474 225 231 140 147
2 166 \+ 39958 40117 207 271 225 243
2 177 \+ 42455 42618 407 271 416 243
2 176 \+ 42226 42452 317 326 407 283
2 165 \+ 39500 39956 32 391 207 283
2 32 \: 39500 40675 32 391 284 107
2 175 \+ 41908 42223 385 407 317 338
2 174 \+ 41727 41906 316 448 385 419
2 173 \+ 41605 41725 516 489 316 460
2 164 \+ 39057 39497 278 522 105 412
2 172 \+ 41455 41602 317 527 516 501
2 34 \: 41455 42619 317 527 416 243
2 163 \+ 38700 39054 133 604 278 534
2 171 \+ 41116 41452 398 618 451 548
2 162 \+ 38457 38698 200 672 133 616
2 170 \+ 40792 41113 382 699 398 630
