= intro.gt 2 4
2 198 \+ 47877 47966 560 64 201 698
2 188 \+ 45498 45840 185 102 502 684
2 197 \+ 47624 47874 373 118 560 76
2 196 \+ 47584 47621 444 132 373 130
2 40 \: 47396 48423 317 183 252 589
2 195 \+ 47396 47581 317 183 444 144
2 187 \+ 45124 45495 208 197 185 114
2 194 \+ 47183 47393 317 233 561 204
2 186 \+ 44886 45122 138 251 208 209
2 185 \+ 44743 44883 239 292 138 263
2 193 \+ 46842 47180 317 326 317 245
2 38 \: 44482 45841 32 358 502 684
2 184 \+ 44482 44741 32 358 239 304
2 183 \+ 44247 44479 75 421 245 379
2 192 \+ 46632 46839 365 462 566 433
2 182 \+ 43913 44244 32 503 75 433
2 181 \+ 43789 43911 255 543 32 515
2 191 \+ 46322 46629 449 543 365 474
2 180 \+ 43543 43786 145 598 255 555
2 190 \+ 46072 46319 316 598 449 555
2 179 \+ 43352 43541 32 650 145 610
2 37 \: 43352 44480 32 650 245 379
2 189 \+ 45843 46069 317 664 316 610
2 39 \: 45843 47394 317 664 561 204
