= intro.gt 2 5
2 220 \+ 52603 52846 317 85 175 684
2 45 \: 52603 54506 317 85 249 290
2 211 \+ 50052 50536 73 156 347 698
2 219 \+ 52252 52600 317 186 399 105
2 210 \+ 49845 50050 165 211 73 168
2 209 \+ 49626 49842 226 265 165 223
2 218 \+ 52044 52249 374 279 574 250
2 208 \+ 49517 49624 266 292 226 277
2 207 \+ 49334 49515 217 333 266 304
2 217 \+ 51839 52042 450 333 374 291
2 42 \: 49131 50537 32 385 347 698
2 206 \+ 49131 49332 32 385 217 345
2 216 \+ 51567 51836 484 401 450 345
2 215 \+ 51428 51565 317 442 484 413
2 44 \: 51428 52601 317 442 399 105
2 205 \+ 48803 49128 59 462 288 406
2 214 \+ 51198 51425 317 503 371 460
2 204 \+ 48600 48800 140 516 59 474
2 203 \+ 48434 48597 100 557 140 528
2 202 \+ 48314 48431 32 596 100 569
2 41 \: 48314 49129 32 596 288 406
2 213 \+ 50797 51195 520 611 317 515
2 201 \+ 48129 48311 156 645 252 616
2 212 \+ 50539 50794 317 677 520 623
2 43 \: 50539 51426 317 677 371 460
2 200 \+ 47972 48126 219 686 156 657
