= intro.gt 2 4
2 249 \+ 57978 58269 542 88 60 670
2 239 \+ 55398 55677 118 102 469 698
2 50 \: 57659 58639 317 170 117 616
2 248 \+ 57659 57976 317 170 542 100
2 238 \+ 55074 55395 170 183 118 114
2 247 \+ 57437 57656 457 231 399 188
2 237 \+ 54846 55071 127 238 170 195
2 48 \: 54721 56199 32 276 383 562
2 236 \+ 54721 54843 32 276 127 250
2 246 \+ 57144 57434 382 299 457 243
2 235 \+ 54514 54718 71 326 249 297
2 234 \+ 54212 54511 277 407 71 338
2 245 \+ 56675 57141 459 421 382 311
2 233 \+ 54077 54210 195 435 277 419
2 232 \+ 53857 54075 215 489 195 447
2 244 \+ 56408 56672 491 489 459 433
2 231 \+ 53714 53854 32 528 215 501
2 47 \: 53714 54719 32 528 249 297
2 243 \+ 56201 56406 317 541 491 501
2 49 \: 56201 57657 317 541 399 188
2 242 \+ 56074 56198 316 577 383 562
2 230 \+ 53352 53711 181 618 287 548
2 241 \+ 55806 56072 316 645 316 589
2 229 \+ 53064 53349 175 686 181 630
2 240 \+ 55680 55803 469 686 316 657
