= intro.gt 2 3
2 261 \+ 62508 62727 453 88 129 698
2 249 \+ 60325 60660 172 102 487 684
2 50 \: 62311 63797 317 141 232 439
2 260 \+ 62311 62505 317 141 453 100
2 248 \+ 60049 60322 201 170 172 114
2 247 \+ 59961 60046 32 195 201 182
2 49 \: 59961 62309 32 195 516 161
2 259 \+ 62093 62308 561 204 516 161
2 258 \+ 61897 62091 424 244 561 216
2 246 \+ 59678 59958 257 271 231 215
2 257 \+ 61821 61894 317 270 424 256
2 256 \+ 61759 61818 508 349 525 348
2 245 \+ 59187 59675 90 380 257 283
2 255 \+ 61572 61757 399 390 508 361
2 254 \+ 61392 61570 317 442 399 402
2 253 \+ 61312 61389 389 509 499 507
2 244 \+ 58482 59185 151 557 90 392
2 252 \+ 61062 61309 552 577 389 521
2 243 \+ 58300 58479 32 611 151 569
2 48 \: 58300 59959 32 611 231 215
2 251 \+ 60817 61059 443 631 552 589
2 242 \+ 58060 58297 32 672 82 630
2 250 \+ 60663 60814 487 672 443 643
