= intro.gt 2 3
2 279 \+ 67906 68079 492 75 244 698
2 270 \+ 65198 65554 59 108 418 684
2 269 \+ 64929 65196 109 176 59 120
2 278 \+ 67458 67904 448 183 492 87
2 268 \+ 64769 64926 136 217 109 188
2 267 \+ 64674 64767 212 244 136 229
2 277 \+ 67125 67455 446 265 448 195
2 266 \+ 64324 64672 177 326 212 256
2 276 \+ 66848 67123 395 333 446 277
2 54 \: 64122 65555 32 378 418 684
2 265 \+ 64122 64321 32 378 177 338
2 275 \+ 66633 66845 412 387 395 345
2 264 \+ 63907 64119 240 441 232 398
2 56 \: 66448 68681 317 440 238 548
2 274 \+ 66448 66630 317 440 412 399
2 263 \+ 63523 63905 264 536 240 453
2 273 \+ 66061 66445 569 543 567 460
2 272 \+ 65889 66058 566 584 569 555
2 262 \+ 63287 63521 173 590 264 548
2 261 \+ 63053 63285 129 645 173 602
2 271 \+ 65557 65886 317 663 566 596
2 55 \: 65557 66446 317 663 567 460
2 260 \+ 62831 63050 168 699 129 657
