= intro.gt 2 1
= section1.gt 3 2
3 298 \+ 1762 1969 361 92 248 711
2 287 \+ 69946 70158 240 108 516 711
2 286 \+ 69684 69943 67 163 240 120
3 297 \+ 1517 1759 534 160 361 104
3 296 \+ 1281 1514 465 214 534 172
2 57 \: 69447 70531 32 231 398 616
2 285 \+ 69447 69681 32 231 67 175
3 295 \+ 1003 1278 445 282 465 226
2 284 \+ 69252 69444 257 291 58 249
3 294 \+ 887 1000 408 309 445 294
2 283 \+ 68912 69250 198 373 257 303
3 59 \: 594 1970 317 389 248 711
3 293 \+ 594 885 317 389 408 321
3 292 \+ 420 591 463 438 493 409
2 282 \+ 68530 68909 251 468 198 385
3 291 \+ 219 417 317 479 463 450
2 281 \+ 68347 68527 171 509 251 480
3 290 \+ 51 216 317 528 317 491
3 58 \: 51 592 317 528 493 409
2 280 \+ 67929 68344 244 618 171 521
2 279 \+ 67753 67926 207 658 244 630
2 289 \+ 70312 70530 443 658 398 616
2 288 \+ 70161 70309 516 699 443 670
