= section1.gt 3 6
3 330 \+ 6663 6822 317 80 78 670
3 319 \+ 4068 4284 214 105 442 698
3 67 \: 6451 8807 317 139 78 119
3 329 \+ 6451 6661 317 139 503 80
3 318 \+ 3877 4066 131 146 214 99
3 317 \+ 3691 3875 293 200 131 140
3 64 \: 3587 4793 32 225 474 575
3 316 \+ 3587 3689 32 225 293 194
3 328 \+ 6093 6448 457 229 572 141
3 315 \+ 3217 3584 108 315 244 228
3 327 \+ 5675 6091 317 335 457 223
3 66 \: 5675 6449 317 335 572 141
3 314 \+ 3095 3215 54 342 108 309
3 313 \+ 3010 3089 162 419 274 399
3 326 \+ 5257 5672 538 453 521 338
3 312 \+ 2713 3007 32 501 162 413
3 63 \: 2713 3585 32 501 244 228
3 325 \+ 4913 5254 381 534 538 447
3 324 \+ 4795 4910 317 573 381 528
3 65 \: 4795 5673 317 573 521 338
3 311 \+ 2326 2710 87 602 52 501
3 323 \+ 4693 4792 535 608 474 575
3 322 \+ 4437 4690 347 663 535 602
3 321 \+ 4370 4434 562 690 347 657
3 310 \+ 1983 2323 32 695 87 596
3 62 \: 1983 2711 32 695 52 501
3 320 \+ 4287 4367 442 704 562 684
