= section1.gt 3 4
3 345 \+ 10888 11104 434 68 112 670
3 331 \+ 8451 8805 265 77 363 643
3 344 \+ 10745 10885 545 109 434 80
3 70 \: 10473 11826 317 175 137 494
3 343 \+ 10473 10742 317 175 545 121
3 330 \+ 7992 8448 137 208 265 89
3 342 \+ 10308 10470 405 224 394 195
3 341 \+ 10026 10305 422 292 405 236
3 329 \+ 7602 7990 54 317 137 220
3 340 \+ 9928 10024 454 319 422 304
3 339 \+ 9855 9925 372 333 454 331
3 328 \+ 7495 7600 204 358 54 329
3 338 \+ 9683 9853 541 387 372 345
3 327 \+ 7310 7492 222 412 204 370
3 325 \+ 7232 7232 87 426 100 438
3 326 \+ 7234 7308 100 426 222 424
3 337 \+ 9539 9680 317 425 541 399
3 69 \: 9539 10471 317 425 394 195
3 336 \+ 9413 9536 319 462 364 447
3 335 \+ 9313 9410 316 489 583 487
3 324 \+ 6995 7230 85 494 87 438
3 323 \+ 6920 6993 187 521 85 506
3 322 \+ 6880 6918 209 534 187 533
3 334 \+ 9108 9310 366 543 316 501
3 321 \+ 6824 6878 141 548 209 546
3 333 \+ 8881 9106 394 598 366 555
3 320 \+ 6663 6822 32 605 141 560
3 332 \+ 8808 8878 317 623 394 610
3 68 \: 8808 9537 317 623 364 447
3 67 \: 6451 8806 32 664 363 643
3 319 \+ 6451 6661 32 664 219 623
