= section1.gt 3 6
3 359 \+ 13966 14144 32 94 415 698
3 69 \: 13966 14434 32 94 501 630
3 371 \+ 16399 16606 317 109 242 711
3 72 \: 16399 17790 317 109 247 412
3 358 \+ 13781 13920 66 183 216 168
3 370 \+ 16069 16396 479 197 472 127
3 357 \+ 13651 13779 256 224 66 195
3 369 \+ 15859 16066 534 251 479 209
3 356 \+ 13395 13649 32 290 256 236
3 68 \: 13395 13921 32 290 216 168
3 368 \+ 15678 15857 478 292 534 263
3 367 \+ 15565 15675 501 319 478 304
3 366 \+ 15315 15563 317 385 501 331
3 71 \: 15315 16397 317 385 472 127
3 355 \+ 12950 13392 226 407 231 311
3 365 \+ 15021 15312 467 462 518 406
3 354 \+ 12690 12947 32 473 226 419
3 67 \: 12690 13393 32 473 231 311
3 364 \+ 14680 15018 430 543 467 474
3 353 \+ 12396 12687 63 550 148 494
3 363 \+ 14495 14677 352 584 430 555
3 362 \+ 14436 14492 317 609 352 596
3 70 \: 14436 15313 317 609 518 406
3 352 \+ 12111 12394 281 631 63 562
3 351 \+ 12005 12108 32 645 281 643
3 361 \+ 14283 14433 573 658 501 630
3 360 \+ 14146 14280 415 686 573 670
