= intro.gt 2 6
2 26 \+ 6456 6851 317 159 88 698
2 8 \: 6456 7465 317 159 287 562
2 17 \+ 3940 4333 110 167 459 711
2 25 \+ 6255 6453 317 209 483 162
2 16 \+ 3718 3937 84 221 110 161
2 24 \+ 6116 6252 464 250 317 203
2 15 \+ 3502 3715 95 276 84 215
2 23 \+ 5861 6114 317 315 464 244
2 7 \: 5861 6454 317 315 483 162
2 14 \+ 3232 3499 143 344 95 270
2 13 \+ 3051 3229 93 385 143 338
2 22 \+ 5493 5858 317 405 494 318
2 4 \: 2879 4334 32 437 459 711
2 12 \+ 2879 3048 32 437 93 379
2 21 \+ 5213 5490 317 485 317 399
2 6 \: 5213 5859 317 485 494 318
2 20 \+ 5023 5210 403 534 485 487
2 11 \+ 2452 2876 138 554 77 439
2 10 \+ 2264 2449 282 608 138 548
2 19 \+ 4560 5020 362 643 403 528
2 9 \+ 2060 2261 137 649 282 602
2 18 \+ 4336 4558 317 708 362 637
2 5 \: 4336 5211 317 708 485 487
2 8 \+ 1763 2058 32 728 137 643
2 3 \: 1763 2877 32 728 77 439
