= section1.gt 3 4
3 379 \+ 18569 18988 92 102 504 670
3 393 \+ 21099 21426 407 115 86 698
3 378 \+ 18422 18567 139 143 92 114
3 392 \+ 20872 21097 394 170 407 127
3 80 \: 20690 21944 317 222 115 458
3 391 \+ 20690 20870 317 222 394 182
3 78 \: 18071 18989 32 236 504 670
3 377 \+ 18071 18420 32 236 139 155
3 390 \+ 20440 20687 344 285 455 243
3 376 \+ 17816 18068 31 299 247 256
3 389 \+ 20264 20437 316 326 344 297
3 375 \+ 17684 17813 190 339 31 311
3 388 \+ 20171 20262 394 353 316 338
3 387 \+ 19989 20169 317 394 394 365
3 374 \+ 17344 17681 113 421 190 351
3 386 \+ 19871 19986 535 435 317 406
3 385 \+ 19742 19868 447 462 535 447
3 373 \+ 17074 17342 92 489 113 433
3 384 \+ 19615 19739 383 489 447 474
3 383 \+ 19447 19612 386 530 383 501
3 372 \+ 16887 17071 242 543 92 501
3 382 \+ 19316 19444 560 571 386 542
3 371 \+ 16678 16885 32 598 242 555
3 77 \: 16678 18069 32 598 247 256
3 381 \+ 19148 19313 544 611 560 583
3 380 \+ 18991 19145 317 650 544 623
3 79 \: 18991 20688 317 650 455 243
3 370 \+ 16348 16675 194 686 188 616
