= section1.gt 3 4
3 419 \+ 23513 23712 87 62 472 698
3 430 \+ 25117 25193 317 90 63 698
3 418 \+ 23374 23510 172 116 87 74
3 417 \+ 23201 23371 57 143 172 128
3 416 \+ 22950 23198 32 184 57 155
3 429 \+ 25041 25114 317 191 435 178
3 415 \+ 22820 22947 121 252 32 196
3 428 \+ 24941 25038 529 284 354 268
3 414 \+ 22518 22817 275 293 121 264
3 79 \: 24941 26201 317 309 200 494
3 427 \+ 24807 24938 317 309 529 296
3 426 \+ 24735 24804 540 358 467 329
3 77 \: 22518 23848 32 373 472 698
3 413 \+ 22348 22515 32 373 275 305
3 425 \+ 24571 24733 467 371 540 370
3 424 \+ 24323 24569 477 412 467 383
3 412 \+ 22305 22345 99 422 122 393
3 411 \+ 22235 22302 163 435 99 434
3 410 \+ 22045 22232 282 463 163 447
3 423 \+ 24214 24320 317 478 477 424
3 409 \+ 21909 22043 161 503 282 475
3 408 \+ 21751 21906 203 544 161 515
3 422 \+ 24041 24211 392 571 364 555
3 407 \+ 21667 21748 166 585 203 556
3 406 \+ 21494 21664 32 610 166 597
3 76 \: 21667 22516 32 610 122 393
3 421 \+ 23850 24038 558 625 392 583
3 405 \+ 21325 21491 32 670 115 630
3 420 \+ 23715 23847 317 677 558 637
3 78 \: 23850 24939 317 677 467 329
