= section1.gt 3 4
3 438 \+ 29171 29329 317 93 32 698
3 86 \: 29171 30319 317 93 281 466
3 428 \+ 26548 26926 32 126 341 684
3 437 \+ 28923 29168 451 156 566 114
3 427 \+ 26434 26545 32 218 55 192
3 436 \+ 28424 28920 422 279 451 168
3 426 \+ 26304 26431 82 299 182 284
3 83 \: 26201 27410 32 338 536 575
3 425 \+ 26201 26301 32 338 82 311
3 435 \+ 28193 28421 317 344 422 291
3 85 \: 28193 29169 317 344 566 114
3 424 \+ 25894 26198 69 415 200 359
3 434 \+ 27931 28190 455 421 422 365
3 433 \+ 27718 27929 479 475 455 433
3 423 \+ 25655 25891 266 483 69 427
3 422 \+ 25541 25652 268 510 266 495
3 421 \+ 25329 25539 63 551 268 522
3 432 \+ 27412 27716 317 555 479 487
3 84 \: 27412 28191 317 555 422 365
3 431 \+ 27304 27409 560 590 536 575
3 420 \+ 25194 25327 32 605 63 563
3 430 \+ 27093 27301 316 631 560 602
3 429 \+ 26929 27091 341 672 316 643
