= section1.gt 3 4
3 451 \+ 31891 32115 281 115 317 711
3 461 \+ 34383 34594 440 115 64 711
3 450 \+ 31831 31888 108 129 281 127
3 86 \: 31599 32530 32 195 431 616
3 449 \+ 31599 31829 32 195 108 141
3 88 \: 33907 34595 317 236 64 711
3 460 \+ 33907 34380 317 236 440 127
3 448 \+ 31321 31596 32 258 280 215
3 459 \+ 33804 33904 354 258 561 256
3 447 \+ 31129 31318 123 312 32 270
3 458 \+ 33402 33801 447 367 354 270
3 446 \+ 30797 31126 130 394 123 324
3 457 \+ 33218 33399 317 407 447 379
3 445 \+ 30597 30795 256 448 130 406
3 456 \+ 32958 33216 367 475 317 419
3 444 \+ 30321 30594 32 513 256 460
3 85 \: 30321 31597 32 513 280 215
3 455 \+ 32835 32956 435 516 367 487
3 454 \+ 32707 32833 376 543 435 528
3 443 \+ 30056 30318 32 577 281 534
3 453 \+ 32532 32704 317 596 376 555
3 87 \: 32532 33905 317 596 561 256
3 442 \+ 29835 30054 32 631 32 589
3 441 \+ 29608 29832 32 686 32 643
3 452 \+ 32117 32529 317 699 431 616
