= section1.gt 3 3
3 490 \+ 38940 39504 347 141 225 637
3 480 \+ 36358 36789 32 164 529 711
3 489 \+ 38744 38937 452 195 347 135
3 479 \+ 36103 36355 140 232 32 158
3 488 \+ 38600 38741 566 236 452 189
3 94 \: 35970 36887 32 267 456 684
3 478 \+ 35970 36100 32 267 140 226
3 487 \+ 38457 38597 379 263 566 230
3 486 \+ 38138 38454 461 365 379 257
3 477 \+ 35664 35933 233 398 135 324
3 485 \+ 37830 38135 316 433 461 359
3 476 \+ 35359 35662 152 466 233 392
3 475 \+ 34891 35356 32 589 152 460
3 93 \: 34891 35934 32 589 135 324
3 484 \+ 37225 37827 316 589 316 427
3 483 \+ 37126 37223 386 616 316 583
3 474 \+ 34677 34888 155 649 64 589
3 482 \+ 36889 37123 317 682 386 610
3 95 \: 36889 72406 317 682 418 487
3 481 \+ 36792 36886 529 717 456 684
