= section1.gt 3 0
3 506 \+ 44152 44521 563 88 261 657
3 505 \+ 43870 44150 554 156 563 100
3 498 \+ 41283 41893 115 170 539 684
3 497 \+ 41164 41281 82 197 115 182
3 496 \+ 40838 41161 105 279 82 209
3 504 \+ 43269 43867 491 326 554 168
3 503 \+ 43150 43266 492 353 491 338
3 495 \+ 40285 40835 283 435 105 291
3 494 \+ 40047 40283 211 489 283 447
3 493 \+ 39954 40045 32 503 211 501
3 502 \+ 42539 43148 411 509 492 365
3 501 \+ 42306 42537 344 563 411 521
3 492 \+ 39613 39951 233 598 32 515
3 491 \+ 39506 39610 225 625 233 610
3 500 \+ 42039 42303 411 631 344 575
3 499 \+ 41896 42036 539 672 411 643
