= section1.gt 3 0
3 500 \+ 47039 47090 154 75 140 73
3 508 \+ 49259 49510 573 94 175 684
3 499 \+ 46840 47036 286 129 154 87
3 507 \+ 48722 49256 530 237 573 106
3 506 \+ 48630 48719 362 250 530 249
3 498 \+ 46399 46837 254 258 286 141
3 497 \+ 46051 46397 152 339 254 270
3 505 \+ 48295 48627 464 352 362 262
3 496 \+ 45748 46049 59 407 152 351
3 504 \+ 47911 48292 490 447 464 364
3 503 \+ 47719 47909 380 488 490 459
3 502 \+ 47389 47716 372 576 380 500
3 495 \+ 44912 45746 95 631 59 419
3 501 \+ 47093 47386 317 655 372 588
