= section1.gt 3 0
3 518 \+ 51792 52290 60 88 532 623
3 526 \+ 54211 54647 563 143 205 670
3 517 \+ 51509 51790 32 156 60 100
3 525 \+ 53970 54209 484 197 563 155
3 524 \+ 53604 53968 366 279 484 209
3 516 \+ 51022 51506 108 285 32 168
3 515 \+ 50862 51019 166 326 108 297
3 523 \+ 53400 53601 475 333 366 291
3 514 \+ 50720 50860 268 367 166 338
3 513 \+ 50456 50717 79 421 268 379
3 522 \+ 53028 53397 316 421 475 345
3 512 \+ 50239 50453 136 475 79 433
3 521 \+ 52807 53025 317 475 316 433
3 511 \+ 50191 50236 175 489 136 487
3 520 \+ 52564 52804 504 543 317 487
3 510 \+ 49843 50188 142 590 175 501
3 519 \+ 52292 52561 532 611 504 555
3 509 \+ 49515 49840 175 672 142 602
