= section1.gt 3 0
3 548 \+ 59507 59644 511 61 121 684
3 547 \+ 59308 59505 316 102 511 73
3 546 \+ 59196 59305 316 129 316 114
3 534 \+ 56630 56999 63 149 556 711
3 545 \+ 59069 59193 526 170 316 141
3 533 \+ 56297 56628 54 231 63 161
3 532 \+ 56123 56295 261 285 54 243
3 544 \+ 58543 59066 376 299 526 182
3 543 \+ 58366 58541 317 339 376 311
3 542 \+ 58094 58364 554 421 317 351
3 531 \+ 55552 56121 78 427 261 297
3 541 \+ 57970 58092 524 448 554 433
3 530 \+ 55272 55550 73 495 78 439
3 540 \+ 57674 57968 562 536 524 460
3 539 \+ 57529 57672 401 563 562 548
3 529 \+ 54907 55269 145 590 73 507
3 538 \+ 57370 57526 442 604 401 575
3 528 \+ 54742 54905 142 631 145 602
3 537 \+ 57194 57368 389 645 442 616
3 527 \+ 54648 54740 205 658 142 643
3 536 \+ 57071 57191 356 672 389 657
3 535 \+ 57002 57069 556 699 356 684
