= section1.gt 3 0
3 567 \+ 61510 61808 187 100 316 657
3 576 \+ 63942 64404 429 106 248 623
3 574 \+ 63818 63838 383 147 510 141
3 575 \+ 63841 63939 510 147 429 100
3 566 \+ 61226 61508 78 174 187 94
3 573 \+ 63732 63816 480 174 383 141
3 565 \+ 61016 61223 121 229 78 168
3 564 \+ 60877 61014 227 269 121 223
3 563 \+ 60678 60875 31 310 227 263
3 572 \+ 63129 63730 371 330 480 168
3 562 \+ 60566 60675 32 337 31 304
3 561 \+ 60439 60563 241 378 32 331
3 571 \+ 62794 63127 317 412 371 324
3 570 \+ 62556 62791 527 480 317 406
3 560 \+ 59913 60436 91 507 241 372
3 559 \+ 59735 59911 32 548 91 501
3 569 \+ 62087 62553 317 595 527 474
3 558 \+ 59463 59733 270 629 32 542
3 557 \+ 59339 59461 239 657 270 623
3 568 \+ 61811 62085 316 663 317 589
