= intro.gt 2 5
2 50 \+ 11803 11922 466 73 217 711
2 49 \+ 11742 11800 441 87 466 85
2 38 \+ 9355 9724 161 115 343 684
2 12 \: 11548 13310 317 139 258 221
2 48 \+ 11548 11740 317 139 441 99
2 37 \+ 9176 9352 120 156 161 127
2 47 \+ 11387 11545 407 188 362 160
2 36 \+ 8936 9173 31 211 120 168
2 46 \+ 11151 11385 367 243 407 200
2 35 \+ 8772 8933 31 251 31 223
2 45 \+ 10978 11149 317 295 367 255
2 11 \: 10978 11546 317 295 362 160
2 9 \: 8603 9725 32 304 343 684
2 34 \+ 8603 8769 32 304 31 263
2 44 \+ 10895 10975 316 317 415 316
2 33 \+ 8385 8600 160 367 94 324
2 32 \+ 8300 8382 278 394 160 379
2 43 \+ 10610 10893 317 396 316 329
2 31 \+ 8042 8297 147 448 278 406
2 42 \+ 10523 10607 357 462 557 460
2 30 \+ 7811 8040 99 503 147 460
2 41 \+ 10337 10520 317 503 357 474
2 40 \+ 10004 10334 317 584 317 515
2 29 \+ 7465 7808 32 595 99 515
2 8 \: 7465 8601 32 595 94 324
2 39 \+ 9727 10002 317 663 317 596
2 10 \: 9727 10976 317 663 415 316
2 28 \+ 7069 7462 32 686 287 616
