= section1.gt 3 0
3 584 \+ 66248 66760 171 115 316 637
3 593 \+ 68656 69090 424 156 214 698
3 583 \+ 65983 66245 176 183 171 127
3 592 \+ 68388 68653 459 224 424 168
3 582 \+ 65783 65981 273 238 176 195
3 591 \+ 68263 68385 373 251 459 236
3 581 \+ 65529 65781 84 292 273 250
3 590 \+ 68040 68260 373 306 373 263
3 580 \+ 65058 65526 211 435 84 304
3 589 \+ 67457 68037 458 462 373 318
3 579 \+ 64899 65056 258 489 211 447
3 578 \+ 64783 64896 233 516 258 501
3 588 \+ 67242 67455 502 516 458 474
3 587 \+ 67038 67239 316 557 502 528
3 586 \+ 66976 67036 566 584 316 569
3 577 \+ 64406 64780 248 611 233 528
3 585 \+ 66762 66973 316 625 566 596
