= section2.gt 4 2
3 588 \+ 71462 71827 106 75 536 637
4 596 \+ 1209 1519 566 113 233 684
4 97 \: 1056 1820 317 151 86 602
4 595 \+ 1056 1207 317 151 566 125
3 587 \+ 71094 71460 157 170 106 87
3 586 \+ 71017 71091 32 183 157 182
4 594 \+ 682 1053 405 241 572 172
3 585 \+ 70578 71015 32 292 32 195
4 593 \+ 449 680 365 296 405 253
4 592 \+ 180 447 400 364 365 308
4 591 \+ 50 177 317 399 400 376
4 96 \: 50 1054 317 399 572 172
3 584 \+ 69990 70576 258 462 32 304
3 590 \+ 72129 72404 429 543 418 487
3 583 \+ 69408 69987 150 604 258 474
3 589 \+ 71830 72127 536 625 429 555
3 582 \+ 69299 69406 146 631 150 616
3 581 \+ 69092 69296 214 686 146 643
