= section2.gt 4 5
4 603 \+ 3163 3413 32 79 441 670
4 99 \: 3163 3695 32 79 489 602
4 614 \+ 5644 5959 399 88 265 684
4 602 \+ 2865 3160 250 170 84 100
4 613 \+ 5323 5641 487 170 399 100
4 101 \: 5174 6700 317 208 158 494
4 612 \+ 5174 5320 317 208 487 182
4 601 \+ 2524 2863 217 251 250 182
4 600 \+ 2382 2521 68 279 217 263
4 611 \+ 4783 5171 512 312 478 229
4 599 \+ 2167 2379 117 333 68 291
4 610 \+ 4597 4781 417 353 512 324
4 609 \+ 4486 4594 400 380 417 365
4 608 \+ 4406 4483 556 407 400 392
4 598 \+ 1822 2164 32 426 117 345
4 98 \: 1822 3161 32 426 84 100
4 607 \+ 4242 4403 317 435 556 419
4 597 \+ 1521 1819 233 516 86 447
4 606 \+ 3860 4239 343 530 317 447
4 605 \+ 3697 3858 317 584 343 542
4 100 \: 3697 5172 317 584 478 229
4 596 \+ 1209 1519 281 598 233 528
4 595 \+ 1056 1207 32 636 281 610
4 97 \: 1056 1820 32 636 86 447
4 604 \+ 3415 3694 441 658 489 602
