= section2.gt 4 5
4 632 \+ 11396 11783 347 61 75 630
4 624 \+ 8572 8911 32 148 369 711
4 104 \: 8572 9751 32 148 414 507
4 106 \: 11056 11784 317 154 75 630
4 631 \+ 11056 11393 317 154 347 73
4 623 \+ 8295 8569 54 211 287 168
4 630 \+ 10742 11053 450 244 354 175
4 622 \+ 8046 8292 241 279 54 223
4 621 \+ 7676 8043 32 371 241 291
4 103 \: 7676 8570 32 371 287 168
4 629 \+ 10243 10739 506 367 450 256
4 628 \+ 10086 10241 566 407 506 379
4 620 \+ 7381 7673 81 448 153 392
4 627 \+ 9753 10083 317 487 566 419
4 105 \: 9753 11054 317 487 354 175
4 619 \+ 7197 7378 264 503 81 460
4 618 \+ 6862 7195 254 584 264 515
4 617 \+ 6702 6859 32 622 254 596
4 102 \: 6702 7674 32 622 153 392
4 626 \+ 9189 9750 370 631 414 507
4 625 \+ 8914 9187 369 699 370 643
