= section2.gt 4 5
4 644 \+ 13809 14055 198 96 341 684
4 643 \+ 13673 13806 59 123 198 108
4 654 \+ 16101 16446 445 129 161 711
4 109 \: 13445 14056 32 188 341 684
4 642 \+ 13445 13670 32 188 59 135
4 653 \+ 15791 16098 563 211 445 141
4 641 \+ 13294 13442 109 224 287 209
4 652 \+ 15601 15788 457 251 563 223
4 640 \+ 13122 13292 72 265 109 236
4 639 \+ 12884 13120 248 333 72 277
4 111 \: 15244 16447 317 344 161 711
4 651 \+ 15244 15598 317 344 457 263
4 638 \+ 12628 12881 114 387 248 345
4 650 \+ 14992 15241 403 421 351 365
4 637 \+ 12442 12625 32 440 114 399
4 108 \: 12442 13443 32 440 287 209
4 649 \+ 14784 14989 432 475 403 433
4 636 \+ 12268 12439 251 489 286 460
4 635 \+ 12131 12266 159 516 251 501
4 648 \+ 14555 14782 317 530 432 487
4 634 \+ 11960 12127 107 557 149 528
4 647 \+ 14472 14553 459 557 317 542
4 646 \+ 14303 14469 458 598 459 569
4 633 \+ 11786 11958 32 609 107 569
4 107 \: 11786 12440 32 609 286 460
4 645 \+ 14058 14300 317 664 458 610
4 110 \: 14058 15242 317 664 351 365
