= section2.gt 4 6
4 681 \+ 18807 18998 176 100 317 684
4 695 \+ 21028 21136 317 105 32 711
4 680 \+ 18586 18804 181 154 176 94
4 694 \+ 20839 21026 497 159 317 99
4 117 \: 20689 21569 317 198 249 616
4 693 \+ 20689 20836 317 198 497 153
4 114 \: 18336 19612 32 222 342 534
4 679 \+ 18336 18584 32 222 181 148
4 692 \+ 20567 20686 403 234 440 200
4 691 \+ 20492 20564 317 247 403 228
4 690 \+ 20395 20490 383 274 317 241
4 678 \+ 18115 18333 92 283 76 223
4 689 \+ 20242 20392 466 315 383 268
4 677 \+ 17888 18112 32 337 92 277
4 688 \+ 20165 20239 317 337 466 309
4 116 \: 20165 20687 317 337 440 200
4 676 \+ 17788 17886 88 365 32 331
4 675 \+ 17539 17786 242 433 88 359
4 687 \+ 19958 20135 404 439 437 392
4 674 \+ 17331 17537 32 484 242 427
4 113 \: 17331 18334 32 484 76 223
4 686 \+ 19825 19956 556 480 404 433
4 673 \+ 17157 17328 277 534 287 487
4 685 \+ 19614 19823 317 534 556 474
4 115 \: 19614 20136 317 534 437 392
4 672 \+ 17005 17155 72 561 277 528
4 684 \+ 19445 19611 317 581 342 534
4 671 \+ 16762 17003 250 629 72 555
4 670 \+ 16669 16759 58 643 250 623
4 683 \+ 19160 19442 566 663 317 575
4 669 \+ 16558 16666 32 670 58 637
4 682 \+ 19001 19157 317 690 566 657
4 668 \+ 16449 16556 32 709 32 664
4 112 \: 16449 17329 32 709 287 487
