= section2.gt 4 6
4 719 \+ 27623 27978 560 82 189 643
4 704 \+ 25013 25229 175 109 448 711
4 117 \: 24873 25368 32 148 550 684
4 703 \+ 24873 25011 32 148 175 121
4 120 \: 27299 28463 317 164 145 521
4 718 \+ 27299 27620 317 164 551 94
4 702 \+ 24672 24870 127 197 257 168
4 717 \+ 27218 27296 569 197 417 182
4 701 \+ 24604 24669 93 211 127 209
4 700 \+ 24421 24601 32 251 93 223
4 716 \+ 26997 27215 556 251 569 209
4 715 \+ 26925 26995 480 265 556 263
4 699 \+ 24341 24419 194 279 32 263
4 714 \+ 26838 26922 350 279 480 277
4 698 \+ 24149 24338 32 330 194 291
4 116 \: 24149 24871 32 330 257 168
4 713 \+ 26557 26836 317 360 350 291
4 119 \: 26557 27297 317 360 417 182
4 712 \+ 26454 26554 430 394 356 379
4 697 \+ 23873 24146 281 407 257 351
4 711 \+ 26274 26451 373 435 430 406
4 696 \+ 23431 23870 32 514 281 419
4 115 \: 23431 24147 32 514 257 351
4 710 \+ 25914 26272 557 530 373 447
4 695 \+ 23343 23428 70 536 214 534
4 694 \+ 23200 23340 213 577 70 548
4 709 \+ 25638 25911 317 584 557 542
4 693 \+ 23059 23198 247 618 213 589
4 708 \+ 25506 25635 469 625 317 596
4 707 \+ 25461 25503 517 639 469 637
4 692 \+ 22948 23057 237 645 247 630
4 706 \+ 25370 25458 317 664 517 651
4 118 \: 25370 26555 317 664 356 379
4 691 \+ 22760 22946 156 686 237 657
4 705 \+ 25232 25367 448 699 550 684
