= section2.gt 4 4
4 738 \+ 31442 31601 571 64 219 684
4 728 \+ 29634 29876 278 115 427 711
4 126 \: 31221 32588 317 114 66 199
4 737 \+ 31221 31439 317 114 571 76
4 727 \+ 29460 29632 245 156 278 127
4 736 \+ 31040 31184 373 203 542 188
4 124 \: 29195 29877 32 222 427 711
4 726 \+ 29195 29457 32 222 245 168
4 735 \+ 30901 31037 505 244 373 215
4 725 \+ 28891 29192 260 312 254 243
4 734 \+ 30579 30898 317 323 505 256
4 724 \+ 28715 28888 181 353 260 324
4 723 \+ 28640 28713 98 367 181 365
4 722 \+ 28498 28637 205 407 98 379
4 721 \+ 28465 28495 32 421 205 419
4 123 \: 28465 29193 32 421 254 243
4 720 \+ 28194 28462 169 495 145 439
4 733 \+ 30478 30576 507 543 440 528
4 719 \+ 27980 28191 189 550 169 507
4 732 \+ 30311 30475 521 584 507 555
4 731 \+ 30189 30308 491 611 521 596
4 718 \+ 27623 27978 276 645 189 562
4 730 \+ 30044 30187 574 652 491 623
4 729 \+ 29879 30041 317 691 574 664
4 125 \: 29879 31185 317 691 542 188
