= section2.gt 4 3
4 759 \+ 32253 32413 136 63 377 684
4 765 \+ 33624 33738 383 107 386 91
4 758 \+ 32017 32251 32 129 136 75
4 131 \: 33447 33886 317 159 193 616
4 764 \+ 33447 33622 317 159 383 119
4 763 \+ 33061 33444 523 262 481 179
4 757 \+ 31847 32014 59 270 93 241
4 762 \+ 32791 33059 317 328 523 274
4 756 \+ 31612 31845 277 338 59 282
4 755 \+ 31450 31609 32 365 277 350
4 129 \: 31229 32652 32 428 351 487
4 754 \+ 31229 31447 32 428 32 377
4 761 \+ 32654 32788 317 469 458 440
4 130 \: 32654 33445 317 469 481 179
4 753 \+ 31048 31192 88 518 258 502
4 760 \+ 32416 32651 317 541 351 487
4 752 \+ 30909 31045 220 558 88 530
4 751 \+ 30587 30906 32 638 220 570
