= section2.gt 4 4
4 770 \+ 37828 38094 317 75 275 670
4 134 \: 37828 38599 317 75 284 548
4 760 \+ 35159 35445 128 87 544 684
4 759 \+ 35003 35156 182 128 128 99
4 769 \+ 37630 37825 571 135 426 93
4 768 \+ 37423 37627 406 176 571 147
4 758 \+ 34748 35000 277 196 182 140
4 767 \+ 37325 37420 489 203 406 188
4 757 \+ 34492 34746 124 250 277 208
4 766 \+ 37101 37322 514 258 489 215
4 756 \+ 34357 34489 32 288 124 262
4 765 \+ 36922 37098 438 299 514 270
4 764 \+ 36791 36919 317 337 438 311
4 133 \: 36791 37826 317 337 426 93
4 755 \+ 34123 34354 111 440 171 398
4 763 \+ 36258 36788 458 468 569 358
4 754 \+ 33888 34121 32 508 111 452
4 132 \: 33888 36789 32 508 569 358
4 753 \+ 33741 33885 32 555 193 527
4 762 \+ 35769 36255 512 590 458 480
4 752 \+ 33624 33738 98 658 101 643
4 761 \+ 35448 35767 544 672 512 602
4 751 \+ 33447 33622 32 710 98 670
4 131 \: 33447 33886 32 710 193 527
