= intro.gt 2 3
2 61 \+ 13786 14161 179 81 408 643
2 70 \+ 16050 16184 316 80 129 711
2 60 \+ 13641 13783 287 121 179 93
2 69 \+ 15785 16047 414 148 316 92
2 59 \+ 13432 13638 70 162 287 133
2 13 \: 13314 14754 32 201 554 507
2 58 \+ 13314 13429 32 201 70 174
2 15 \: 15445 16964 317 241 142 298
2 68 \+ 15445 15783 317 241 414 160
2 57 \+ 13004 13311 122 277 258 221
2 56 \+ 12790 13001 174 332 122 289
2 55 \+ 12603 12787 102 373 174 344
2 54 \+ 12544 12600 75 386 102 385
2 67 \+ 15099 15442 317 394 426 324
2 66 \+ 14958 15097 465 435 317 406
2 53 \+ 12160 12541 32 481 75 398
2 65 \+ 14756 14955 317 487 465 447
2 14 \: 14756 15443 317 487 431 324
2 52 \+ 12102 12158 32 509 32 493
2 64 \+ 14552 14753 408 536 554 507
2 63 \+ 14340 14549 462 590 408 548
2 62 \+ 14163 14337 408 631 462 602
2 51 \+ 11927 12099 217 699 237 670
