= section2.gt 4 6
4 802 \+ 42863 43060 152 68 565 684
4 815 \+ 45337 45460 317 80 122 698
4 136 \: 45337 45781 317 80 59 616
4 801 \+ 42767 42861 243 96 152 80
4 814 \+ 45189 45334 523 129 415 100
4 133 \: 42559 43061 32 147 565 684
4 800 \+ 42559 42765 32 147 243 108
4 799 \+ 42431 42556 227 183 288 168
4 813 \+ 44982 45186 568 183 523 141
4 798 \+ 42287 42428 85 211 227 195
4 812 \+ 44754 44979 536 238 568 195
4 797 \+ 42067 42284 102 265 85 223
4 811 \+ 44631 44751 507 265 536 250
4 810 \+ 44454 44629 489 306 507 277
4 796 \+ 41801 42064 170 333 102 277
4 809 \+ 44273 44451 398 347 489 318
4 795 \+ 41679 41799 121 360 170 345
4 808 \+ 44084 44270 577 401 398 359
4 794 \+ 41491 41676 275 415 121 372
4 807 \+ 43997 44081 429 415 577 413
4 793 \+ 41332 41488 32 455 275 427
4 132 \: 41332 42557 32 455 288 168
4 806 \+ 43751 43995 317 483 429 427
4 135 \: 43751 45335 317 483 415 100
4 792 \+ 41099 41329 83 516 108 474
4 805 \+ 43538 43748 480 543 425 501
4 791 \+ 40955 41096 183 557 83 528
4 790 \+ 40775 40952 99 598 183 569
4 804 \+ 43227 43535 317 611 480 555
4 789 \+ 40690 40772 230 625 99 610
4 803 \+ 43063 43224 317 663 317 623
4 134 \: 43063 43749 317 663 425 501
4 788 \+ 40480 40687 32 679 230 637
4 131 \: 40480 41330 32 679 108 474
