= section2.gt 4 4
4 810 \+ 45738 45842 71 61 343 698
4 809 \+ 45525 45735 122 115 71 73
4 142 \: 45399 45843 32 154 343 698
4 808 \+ 45399 45522 32 154 122 127
4 823 \+ 48260 48412 464 156 126 711
4 822 \+ 48097 48258 455 197 464 168
4 807 \+ 45251 45396 239 203 130 175
4 821 \+ 47967 48095 375 224 455 209
4 806 \+ 45044 45248 283 258 239 215
4 820 \+ 47674 47965 545 306 375 236
4 805 \+ 44816 45041 251 312 283 270
4 804 \+ 44693 44813 222 339 251 324
4 819 \+ 47491 47671 462 347 545 318
4 803 \+ 44516 44691 205 380 222 351
4 144 \: 47241 48466 317 412 117 698
4 818 \+ 47241 47488 317 412 462 359
4 802 \+ 44335 44513 114 421 205 392
4 817 \+ 46782 47237 568 448 428 74
4 801 \+ 44146 44332 293 475 114 433
4 816 \+ 46668 46779 541 475 568 460
4 800 \+ 44059 44143 144 489 293 487
4 815 \+ 46420 46665 398 530 541 487
4 799 \+ 43813 44057 32 557 144 501
4 141 \: 43813 45397 32 557 130 175
4 814 \+ 46299 46418 374 557 398 542
4 813 \+ 46161 46296 522 598 374 569
4 798 \+ 43600 43810 196 618 140 575
4 812 \+ 45971 46158 415 639 522 610
4 811 \+ 45845 45968 317 679 415 651
4 143 \: 45845 47238 317 679 428 74
4 797 \+ 43289 43597 32 686 196 630
