= section2.gt 4 6
4 844 \+ 51885 52046 317 81 31 670
4 150 \: 51885 52427 317 81 276 589
4 836 \+ 50382 50534 62 123 571 711
4 147 \: 50320 50535 32 147 571 711
4 835 \+ 50320 50380 32 147 62 135
4 843 \+ 51513 51882 361 171 517 102
4 834 \+ 50159 50317 124 197 93 168
4 842 \+ 51376 51510 492 212 361 183
4 833 \+ 50022 50157 249 238 124 209
4 832 \+ 49842 50019 190 279 249 250
4 831 \+ 49667 49839 164 319 190 291
4 841 \+ 51096 51373 317 332 492 224
4 840 \+ 50985 51093 317 370 317 344
4 149 \: 50985 51883 317 370 517 102
4 830 \+ 49428 49664 32 385 164 331
4 146 \: 49428 50318 32 385 93 168
4 839 \+ 50800 50982 317 431 409 391
4 829 \+ 49180 49425 81 448 161 406
4 828 \+ 48976 49177 186 503 81 460
4 827 \+ 48787 48973 79 543 186 515
4 838 \+ 50736 50797 521 577 558 575
4 826 \+ 48584 48784 193 598 79 555
4 837 \+ 50589 50733 317 612 521 589
4 148 \: 50589 50983 317 612 409 391
4 825 \+ 48389 48582 32 650 193 610
4 145 \: 48389 49426 32 650 161 406
4 824 \+ 48336 48386 126 672 117 670
