= section2.gt 4 5
4 889 \+ 57120 57292 373 75 118 698
4 873 \+ 54518 54649 139 82 496 711
4 888 \+ 56858 57117 480 143 373 87
4 872 \+ 54176 54515 134 164 139 94
4 887 \+ 56763 56855 559 170 480 155
4 886 \+ 56557 56760 382 211 559 182
4 153 \: 53994 55386 32 216 572 534
4 871 \+ 53994 54173 32 216 134 176
4 885 \+ 56479 56554 540 238 382 223
4 870 \+ 53862 53991 85 251 172 236
4 869 \+ 53775 53860 205 279 85 263
4 155 \: 56270 57473 317 290 206 657
4 884 \+ 56270 56476 317 290 540 250
4 868 \+ 53615 53773 224 319 205 291
4 883 \+ 56067 56267 316 339 469 311
4 867 \+ 53518 53613 278 347 224 331
4 866 \+ 53417 53516 32 360 278 359
4 882 \+ 55860 56064 416 394 316 351
4 865 \+ 53282 53415 183 401 32 372
4 864 \+ 53202 53279 32 428 183 413
4 152 \: 53202 53992 32 428 172 236
4 881 \+ 55585 55857 435 462 416 406
4 880 \+ 55521 55582 420 475 435 474
4 863 \+ 52975 53199 141 489 162 447
4 879 \+ 55388 55518 317 514 420 487
4 154 \: 55388 56268 317 514 469 311
4 878 \+ 55373 55385 513 522 572 534
4 862 \+ 52818 52972 162 530 141 501
4 877 \+ 55258 55370 510 550 513 534
4 876 \+ 55053 55256 570 604 510 562
4 861 \+ 52509 52815 32 609 162 542
4 151 \: 52509 53200 32 609 162 447
4 860 \+ 52304 52506 89 658 276 630
4 875 \+ 54805 55050 441 658 570 616
4 859 \+ 52129 52301 31 699 89 670
4 874 \+ 54651 54803 496 699 441 670
