= section2.gt 4 3
4 890 \+ 60103 60499 60 73 415 643
4 903 \+ 62575 62697 563 108 367 79
4 155 \: 59940 61548 32 128 488 385
4 889 \+ 59940 60101 32 128 60 85
4 888 \+ 59815 59937 89 161 171 146
4 902 \+ 62340 62572 496 163 563 120
4 901 \+ 62233 62337 536 190 496 175
4 887 \+ 59649 59812 92 202 89 173
4 900 \+ 62079 62230 568 231 536 202
4 886 \+ 59481 59646 110 243 92 214
4 885 \+ 59404 59478 289 270 110 255
4 899 \+ 61878 62076 380 271 568 243
4 898 \+ 61738 61875 465 312 380 283
4 884 \+ 59188 59402 32 324 289 282
4 897 \+ 61550 61735 317 364 465 324
4 156 \: 61550 62698 317 364 367 79
4 896 \+ 61363 61547 370 414 488 385
4 883 \+ 59049 59185 32 468 154 439
4 895 \+ 61124 61361 574 482 370 426
4 894 \+ 61070 61121 566 495 574 494
4 893 \+ 60936 61068 437 522 566 507
4 892 \+ 60730 60934 483 577 437 534
4 882 \+ 58842 59046 32 623 229 583
4 154 \: 58842 59938 32 623 171 146
4 891 \+ 60501 60727 415 631 483 589
4 881 \+ 58719 58839 159 658 202 643
