= section2.gt 4 5
= section3.gt 5 1
5 921 \+ 460 684 476 86 214 684
4 910 \+ 63534 63802 249 109 502 698
5 920 \+ 282 457 398 126 476 98
4 909 \+ 63248 63531 190 177 249 121
5 164 \: 50 868 317 189 77 630
5 919 \+ 50 279 317 189 398 138
4 918 \+ 65335 65408 557 292 377 277
4 161 \: 62780 64079 32 297 504 630
4 908 \+ 62780 63246 32 297 190 189
4 917 \+ 65193 65332 375 319 557 304
4 907 \+ 62655 62777 32 333 82 318
4 906 \+ 62420 62652 261 401 32 345
4 916 \+ 64898 65190 571 401 375 331
4 905 \+ 62313 62417 32 426 261 413
4 160 \: 62313 62778 32 426 82 318
4 915 \+ 64733 64896 317 439 571 413
4 163 \: 64733 65409 317 439 377 277
4 904 \+ 62159 62310 283 475 251 447
4 903 \+ 61958 62156 95 516 283 487
4 914 \+ 64417 64730 345 516 523 460
4 902 \+ 61818 61955 180 557 95 528
4 913 \+ 64279 64414 483 557 345 528
4 901 \+ 61630 61815 32 609 180 569
4 159 \: 61630 62311 32 609 251 447
4 912 \+ 64081 64276 317 609 483 569
4 162 \: 64081 64731 317 609 523 460
4 900 \+ 61443 61627 85 658 203 630
4 911 \+ 63805 64078 502 686 504 630
