= section3.gt 5 6
5 957 \+ 5183 5404 317 85 248 698
5 946 \+ 2763 2989 88 109 453 711
5 170 \: 5071 7232 317 123 137 166
5 956 \+ 5071 5180 317 123 317 97
5 945 \+ 2665 2760 131 136 88 121
5 167 \: 2492 3065 32 189 528 698
5 944 \+ 2492 2662 32 189 131 148
5 955 \+ 4838 5068 516 186 547 144
5 943 \+ 2353 2489 278 238 149 209
5 942 \+ 2257 2350 86 251 278 250
5 954 \+ 4504 4836 473 268 516 198
5 953 \+ 4311 4502 577 322 473 280
5 941 \+ 1818 2254 112 360 86 263
5 940 \+ 1688 1815 32 399 112 372
5 166 \: 1688 2490 32 399 149 209
5 952 \+ 4000 4309 317 402 577 334
5 169 \: 4000 5069 317 402 547 144
5 939 \+ 1450 1685 181 462 273 419
5 951 \+ 3755 3997 475 465 536 422
5 950 \+ 3432 3753 495 546 475 477
5 938 \+ 1052 1447 87 557 181 474
5 949 \+ 3274 3429 559 587 495 558
5 937 \+ 870 1049 32 609 87 569
5 165 \: 870 1686 32 609 273 419
5 948 \+ 3102 3271 317 623 559 599
5 168 \: 3102 3998 317 623 536 422
5 936 \+ 687 867 214 672 77 630
5 947 \+ 2992 3064 453 699 528 698
