= section3.gt 5 6
5 955 \+ 9419 9653 96 68 420 670
5 968 \+ 11831 11952 430 68 232 698
5 967 \+ 11721 11828 399 96 430 80
5 954 \+ 9175 9417 224 136 96 80
5 171 \: 11542 12417 317 150 57 575
5 966 \+ 11542 11718 317 150 399 108
5 953 \+ 8971 9173 82 177 224 148
5 965 \+ 11414 11539 510 197 344 168
5 952 \+ 8723 8969 224 245 82 189
5 964 \+ 11145 11411 502 265 510 209
5 951 \+ 8509 8720 284 300 224 257
5 168 \: 8404 10053 32 324 478 575
5 950 \+ 8404 8506 32 324 284 312
5 963 \+ 10874 11142 495 333 502 277
5 962 \+ 10680 10872 317 385 495 345
5 170 \: 10680 11540 317 385 344 168
5 949 \+ 8035 8401 32 428 242 345
5 167 \: 8035 8402 32 428 242 345
5 961 \+ 10496 10677 358 435 458 406
5 960 \+ 10271 10493 317 489 358 447
5 948 \+ 7723 8032 222 516 136 447
5 959 \+ 10179 10269 410 516 317 501
5 958 \+ 10055 10177 317 555 410 528
5 169 \: 10055 10678 317 555 458 406
5 947 \+ 7437 7720 60 584 222 528
5 957 \+ 9799 10052 316 618 478 575
5 946 \+ 7219 7435 32 649 60 596
5 166 \: 7219 8033 32 649 136 447
5 956 \+ 9655 9797 420 658 316 630
