= section3.gt 5 5
5 989 \+ 12441 12515 230 82 342 711
5 998 \+ 14337 14466 345 145 475 130
5 988 \+ 12054 12438 232 177 230 94
5 987 \+ 11930 12051 145 204 232 189
5 997 \+ 14061 14334 317 227 345 157
5 986 \+ 11820 11927 115 232 145 216
5 177 \: 11641 12516 32 286 342 711
5 985 \+ 11641 11817 32 286 115 244
5 996 \+ 14033 14058 577 306 430 304
5 984 \+ 11513 11638 225 333 60 304
5 995 \+ 13921 14030 553 333 577 318
5 994 \+ 13715 13918 368 374 553 345
5 983 \+ 11244 11510 217 401 225 345
5 179 \: 13541 15398 317 425 281 455
5 993 \+ 13541 13713 317 425 368 386
5 982 \+ 10973 11241 210 469 217 413
5 981 \+ 10779 10971 32 521 210 481
5 176 \: 10779 11639 32 521 60 304
5 980 \+ 10595 10776 73 571 174 542
5 992 \+ 12963 13538 570 584 422 447
5 979 \+ 10370 10592 32 625 73 583
5 991 \+ 12693 12960 374 639 570 596
5 978 \+ 10278 10368 125 652 32 637
5 977 \+ 10154 10276 32 691 125 664
5 175 \: 10154 10777 32 691 174 542
5 990 \+ 12518 12690 317 693 374 651
5 178 \: 12518 13539 317 693 422 447
