= section3.gt 5 5
5 1004 \+ 18956 19144 530 75 102 684
5 181 \: 18749 19644 317 127 118 438
5 1003 \+ 18749 18954 317 127 530 87
5 993 \+ 16367 16444 127 156 241 154
5 1002 \+ 18566 18746 317 176 415 147
5 992 \+ 16230 16364 278 197 127 168
5 179 \: 16010 17096 32 246 470 562
5 991 \+ 16010 16227 32 246 278 209
5 1001 \+ 18118 18564 563 299 317 188
5 1000 \+ 17926 18116 507 339 563 311
5 990 \+ 15806 15963 32 371 243 345
5 178 \: 15806 15964 32 371 243 345
5 999 \+ 17518 17924 437 435 507 351
5 998 \+ 17309 17515 525 489 437 447
5 989 \+ 15301 15803 32 514 110 392
5 177 \: 15301 15804 32 514 110 392
5 997 \+ 17098 17306 317 543 525 501
5 180 \: 17098 18747 317 543 415 147
5 988 \+ 15159 15298 108 550 281 534
5 996 \+ 16863 17095 397 604 470 562
5 987 \+ 14915 15156 263 618 108 562
5 986 \+ 14734 14912 187 658 263 630
5 995 \+ 16635 16861 380 658 397 616
5 985 \+ 14594 14731 32 686 187 670
5 994 \+ 16447 16633 317 710 380 670
