= intro.gt 2 2
2 75 \+ 17361 17806 74 171 124 74
2 86 \+ 19571 20362 476 200 135 602
2 74 \+ 17221 17358 204 212 74 183
2 85 \+ 19434 19569 478 241 476 212
2 73 \+ 16966 17219 32 278 204 224
2 16 \: 16966 17807 32 278 124 74
2 84 \+ 19253 19432 511 296 478 253
2 83 \+ 19072 19250 519 350 511 308
2 82 \+ 18866 19070 436 404 519 362
2 72 \+ 16431 16963 32 420 142 298
2 81 \+ 18667 18863 378 459 436 416
2 80 \+ 18513 18665 339 500 378 471
2 79 \+ 18338 18511 394 554 339 512
2 71 \+ 16187 16428 32 618 124 564
2 78 \+ 18039 18335 374 645 394 566
2 77 \+ 17926 18036 346 672 374 657
2 76 \+ 17809 17923 317 710 346 684
2 17 \: 17809 22802 317 710 553 589
