= section3.gt 5 3
5 1021 \+ 23011 23182 32 86 361 698
5 180 \: 23011 23880 32 86 548 408
5 1030 \+ 24216 24600 317 152 518 72
5 1020 \+ 22734 23008 248 163 261 107
5 1019 \+ 22563 22731 216 203 248 175
5 1029 \+ 24091 24213 317 246 390 217
5 1018 \+ 22274 22561 132 271 216 215
5 1017 \+ 22096 22272 88 312 132 283
5 1028 \+ 24081 24088 537 336 583 348
5 1027 \+ 23943 24078 408 363 537 348
5 1016 \+ 21826 22093 129 380 88 324
5 1026 \+ 23882 23941 317 387 408 375
5 181 \: 23882 24601 317 387 518 72
5 1015 \+ 21677 21823 232 421 129 392
5 1025 \+ 23720 23879 317 435 548 408
5 1014 \+ 21467 21675 32 473 232 433
5 179 \: 21467 23009 32 473 261 107
5 1013 \+ 21126 21464 273 563 264 494
5 1024 \+ 23501 23717 317 565 583 525
5 1012 \+ 20937 21123 175 604 273 575
5 1011 \+ 20756 20934 150 645 175 616
5 1023 \+ 23309 23498 410 658 549 630
5 1010 \+ 20630 20753 81 672 150 657
5 1022 \+ 23184 23307 361 686 410 670
