= section3.gt 5 4
5 1049 \+ 24933 25055 32 105 390 711
5 1058 \+ 26842 26921 461 139 571 119
5 1048 \+ 24923 24930 252 196 298 190
5 192 \: 26602 27935 317 205 88 346
5 1057 \+ 26602 26839 317 205 461 133
5 1047 \+ 24785 24920 124 223 252 190
5 1056 \+ 26525 26599 423 227 509 207
5 190 \: 24724 25443 32 247 518 564
5 1046 \+ 24724 24783 32 247 124 217
5 1045 \+ 24562 24721 32 295 264 250
5 1055 \+ 26194 26522 422 308 423 221
5 1054 \+ 26006 26192 317 361 422 302
5 1044 \+ 24343 24559 213 428 199 368
5 1053 \+ 25800 26003 402 469 583 422
5 1043 \+ 23969 24339 32 521 213 422
5 189 \: 23969 24722 32 521 264 250
5 1052 \+ 25521 25798 403 537 402 463
5 1051 \+ 25445 25518 317 561 403 531
5 191 \: 25445 26600 317 561 509 207
5 1042 \+ 23600 23966 32 623 273 524
5 1050 \+ 25058 25442 317 663 518 564
5 1041 \+ 23408 23597 126 717 265 670
