= section3.gt 5 4
5 1065 \+ 31115 31278 483 69 193 684
5 192 \: 30966 31604 317 110 169 602
5 1064 \+ 30966 31112 317 110 483 81
5 191 \: 28887 30964 32 134 348 128
5 1055 \+ 28887 29062 32 134 93 97
5 1063 \+ 30641 30963 451 198 348 128
5 1054 \+ 28751 28864 243 224 219 209
5 1062 \+ 30407 30639 366 252 451 210
5 1053 \+ 28564 28748 184 265 243 236
5 1052 \+ 28372 28561 32 306 184 277
5 1061 \+ 30034 30404 459 347 366 264
5 1051 \+ 28150 28369 32 371 32 318
5 190 \: 28150 28865 32 371 219 209
5 1060 \+ 29881 30031 496 388 459 359
5 1059 \+ 29746 29878 414 415 496 400
5 1050 \+ 27906 28147 154 435 254 392
5 1058 \+ 29503 29743 317 483 414 427
5 1049 \+ 27571 27904 213 516 154 447
5 1057 \+ 29311 29500 455 589 574 560
5 1048 \+ 27168 27569 125 611 213 528
5 1047 \+ 27095 27165 32 639 125 623
5 189 \: 27095 28148 32 639 254 392
5 1056 \+ 29065 29309 317 655 455 601
