= section3.gt 5 4
5 1086 \+ 36713 36863 317 60 251 684
5 1077 \+ 34439 34723 31 107 317 698
5 1076 \+ 34237 34436 103 162 31 119
5 1075 \+ 34155 34235 227 189 103 174
5 194 \: 36556 37561 317 215 116 507
5 1085 \+ 36556 36710 317 215 548 189
5 1074 \+ 33791 34152 76 270 227 201
5 191 \: 33501 34955 32 350 376 643
5 1073 \+ 33501 33789 32 350 76 282
5 1084 \+ 36073 36553 550 347 422 236
5 1072 \+ 33408 33498 237 386 154 370
5 1083 \+ 35854 36070 317 399 550 359
5 193 \: 35854 36554 317 399 422 236
5 1071 \+ 33245 33405 255 426 237 398
5 1082 \+ 35597 35851 429 462 556 419
5 1070 \+ 33080 33242 248 467 255 438
5 1069 \+ 32906 33077 166 508 248 479
5 1081 \+ 35369 35595 453 516 429 474
5 1068 \+ 32598 32903 32 587 166 520
5 1080 \+ 35083 35367 397 584 453 528
5 1079 \+ 34957 35080 317 625 397 596
5 192 \: 34957 35852 317 625 556 419
5 1078 \+ 34725 34954 317 686 376 643
5 1067 \+ 32454 32595 103 699 241 684
