= section3.gt 5 4
5 1124 \+ 42458 42702 317 79 160 670
5 197 \: 42458 43721 317 79 287 377
5 1112 \+ 39834 40102 32 109 548 711
5 194 \: 39834 40641 32 109 441 575
5 1123 \+ 42299 42455 317 115 531 100
5 1122 \+ 42069 42297 317 170 317 127
5 1121 \+ 41910 42066 372 211 317 182
5 1111 \+ 39558 39784 186 251 242 208
5 1120 \+ 41648 41908 473 279 372 223
5 1110 \+ 39235 39556 240 332 186 263
5 1119 \+ 41414 41646 317 344 473 291
5 196 \: 41414 42456 317 344 531 100
5 1109 \+ 38967 39232 32 387 240 344
5 1108 \+ 38792 38964 228 441 32 399
5 1118 \+ 41040 41411 437 448 381 365
5 1107 \+ 38658 38789 99 468 228 453
5 1106 \+ 38555 38655 130 495 99 480
5 1117 \+ 40839 41037 507 503 437 460
5 1105 \+ 38372 38553 32 547 130 507
5 1116 \+ 40643 40836 317 554 507 515
5 195 \: 40643 41412 317 554 381 365
5 1115 \+ 40447 40640 569 618 441 575
5 1104 \+ 38296 38369 179 645 261 643
5 1114 \+ 40295 40444 377 645 569 630
5 1103 \+ 38064 38293 142 699 179 657
5 1113 \+ 40105 40293 548 699 377 657
