= section3.gt 5 5
5 1125 \+ 44213 44466 267 64 409 657
5 1124 \+ 44084 44211 191 91 267 76
5 202 \: 46029 46569 317 139 258 605
5 1134 \+ 46029 46192 317 139 583 112
5 199 \: 43837 44467 32 157 409 657
5 1123 \+ 43837 44081 32 157 191 103
5 1122 \+ 43707 43834 189 192 287 177
5 1133 \+ 45783 46026 523 215 347 159
5 1121 \+ 43545 43705 200 233 189 204
5 1132 \+ 45665 45780 527 242 523 227
5 1120 \+ 43340 43542 32 274 200 245
5 1131 \+ 45398 45662 317 307 527 254
5 201 \: 45398 46027 317 307 347 159
5 1119 \+ 43191 43338 132 315 32 286
5 1118 \+ 43061 43188 32 342 132 327
5 1130 \+ 45118 45395 470 384 532 328
5 1117 \+ 42888 43058 32 394 32 354
5 1129 \+ 44930 45115 348 425 470 396
5 1116 \+ 42821 42885 160 462 196 460
5 1128 \+ 44690 44927 518 493 348 437
5 1115 \+ 42574 42818 32 527 160 474
5 198 \: 42574 43835 32 527 287 177
5 1127 \+ 44536 44687 317 534 518 505
5 1114 \+ 42415 42571 32 563 247 548
5 1113 \+ 42185 42413 32 618 32 575
5 1126 \+ 44469 44533 317 636 352 623
5 200 \: 44469 45396 317 636 532 328
5 1112 \+ 42026 42182 88 658 32 630
