= section3.gt 5 4
5 1152 \+ 50254 50436 317 85 129 698
5 206 \: 50254 51505 317 85 128 439
5 1144 \+ 48407 48601 169 118 296 89
5 1151 \+ 50049 50251 541 148 450 105
5 1143 \+ 48227 48404 133 158 169 130
5 1142 \+ 47914 48224 237 240 133 170
5 1150 \+ 49625 50047 407 243 541 160
5 204 \: 47708 48764 32 292 572 614
5 1141 \+ 47708 47911 32 292 237 252
5 1140 \+ 47551 47705 187 342 98 313
5 1149 \+ 49211 49623 518 352 407 255
5 1148 \+ 49057 49208 317 392 518 364
5 1139 \+ 47280 47548 251 410 187 354
5 1138 \+ 46773 47278 215 532 251 422
5 1147 \+ 48945 49054 404 541 422 526
5 1137 \+ 46571 46770 32 584 215 544
5 203 \: 46571 47706 32 584 98 313
5 1146 \+ 48766 48942 317 594 404 553
5 205 \: 48766 50252 317 594 450 105
5 1145 \+ 48604 48763 317 640 572 614
5 1136 \+ 46278 46568 161 661 258 605
5 1135 \+ 46195 46275 32 685 161 673
