= section3.gt 5 3
5 1158 \+ 50914 51033 231 76 560 711
5 1157 \+ 50649 50911 65 131 231 88
5 1170 \+ 53551 53769 490 143 186 684
5 1156 \+ 50438 50647 129 185 65 143
5 211 \: 50254 51505 32 238 413 589
5 1155 \+ 50254 50436 32 238 129 197
5 1169 \+ 53150 53549 466 238 490 155
5 1168 \+ 53007 53147 317 265 466 250
5 1154 \+ 50049 50251 256 300 166 258
5 213 \: 52781 53770 317 331 186 684
5 1167 \+ 52781 53004 317 331 317 277
5 1153 \+ 49625 50047 122 396 256 312
5 1165 \+ 52018 52536 392 435 395 93
5 1164 \+ 51842 52015 353 475 392 447
5 1152 \+ 49211 49623 233 504 122 408
5 1163 \+ 51708 51840 471 516 353 487
5 1151 \+ 49057 49208 32 545 233 516
5 1162 \+ 51507 51705 317 571 471 528
5 212 \: 51507 52779 317 571 393 351
5 1161 \+ 51345 51504 454 618 413 589
5 1160 \+ 51267 51342 350 631 454 630
5 1150 \+ 48945 49054 120 699 137 684
5 1159 \+ 51036 51264 560 699 350 643
