= section4.gt 6 4
6 1215 \+ 4626 4976 360 88 157 670
6 1204 \+ 1978 2292 69 105 533 698
6 1203 \+ 1845 1976 238 146 69 117
6 1214 \+ 4382 4624 502 156 360 100
6 1202 \+ 1620 1843 243 201 238 158
6 1201 \+ 1420 1618 123 241 243 213
6 1213 \+ 4039 4379 484 238 502 168
6 1200 \+ 1277 1417 202 282 123 253
6 1212 \+ 3774 4036 544 306 484 250
6 212 \: 1138 2293 32 320 533 698
6 1199 \+ 1138 1274 32 320 202 294
6 1198 \+ 951 1135 190 370 263 341
6 214 \: 3506 4977 317 371 157 670
6 1211 \+ 3506 3771 317 371 544 318
6 1197 \+ 791 948 226 411 190 382
6 1196 \+ 661 788 148 438 226 423
6 1210 \+ 3234 3503 366 435 572 392
6 1209 \+ 3111 3232 562 475 366 447
6 1195 \+ 378 658 89 506 148 450
6 1208 \+ 2931 3109 476 516 562 487
6 1194 \+ 204 375 32 547 89 518
6 1207 \+ 2784 2928 562 557 476 528
6 1206 \+ 2674 2781 570 584 562 569
6 1193 \+ 42 201 32 596 32 559
6 211 \: 42 1136 32 596 263 341
6 1205 \+ 2295 2672 317 677 570 596
6 213 \: 2295 3504 317 677 572 392
5 1192 \+ 56185 56260 272 699 93 684
