= section4.gt 6 5
6 1234 \+ 9309 10120 317 83 287 548
6 219 \: 9309 10121 317 83 287 548
6 1224 \+ 6913 7117 212 102 389 711
6 1223 \+ 6726 6910 105 143 212 114
6 1233 \+ 9059 9306 543 159 385 103
6 1222 \+ 6559 6724 32 183 105 155
6 1221 \+ 6459 6557 94 211 32 195
6 216 \: 6282 7759 32 262 523 562
6 1220 \+ 6282 6457 32 262 94 223
6 1232 \+ 8567 9057 540 282 543 171
6 1231 \+ 8412 8564 317 317 540 294
6 218 \: 8412 9307 317 317 385 103
6 1219 \+ 5831 6279 101 380 111 283
6 1230 \+ 8283 8370 532 407 442 392
6 1218 \+ 5621 5829 116 435 101 392
6 1229 \+ 7957 8281 517 489 532 419
6 1217 \+ 5163 5618 111 543 116 447
6 1228 \+ 7761 7955 317 541 517 501
6 217 \: 7761 8371 317 541 442 392
6 1227 \+ 7580 7758 471 590 523 562
6 1216 \+ 4979 5160 32 595 111 555
6 215 \: 4979 6280 32 595 111 283
6 1226 \+ 7245 7577 456 672 471 602
6 1215 \+ 4626 4976 76 686 157 616
6 1225 \+ 7119 7243 389 699 456 684
