= intro.gt 2 1
2 84 \+ 22206 22302 32 62 513 711
2 95 \+ 24467 24536 551 60 161 698
2 94 \+ 24295 24465 400 101 551 72
2 83 \+ 22016 22204 179 116 32 74
2 82 \+ 21847 22013 154 157 179 128
2 81 \+ 21599 21844 32 211 154 169
2 80 \+ 21432 21597 32 263 32 223
2 93 \+ 23810 24293 442 262 400 113
2 92 \+ 23593 23808 505 330 442 274
2 91 \+ 23438 23591 449 371 505 342
2 90 \+ 23338 23435 390 398 449 383
2 89 \+ 23257 23335 460 426 390 410
2 88 \+ 23143 23255 317 469 460 438
2 87 \+ 22988 23141 463 516 410 487
2 18 \: 22808 25008 317 568 205 562
2 86 \+ 22808 22985 317 568 463 528
2 85 \+ 22304 22805 513 699 553 589
