= section4.gt 6 3
6 1221 \+ 5831 6279 101 122 396 670
6 1232 \+ 8283 8370 532 143 442 127
6 1220 \+ 5621 5829 116 176 101 134
6 1231 \+ 7957 8281 517 224 532 155
6 1230 \+ 7761 7955 317 276 517 236
6 229 \: 7761 8371 317 276 442 127
6 1219 \+ 5163 5618 111 285 116 188
6 1229 \+ 7580 7758 471 326 523 297
6 227 \: 4979 6280 32 337 396 670
6 1218 \+ 4979 5160 32 337 111 297
6 1228 \+ 7245 7577 456 407 471 338
6 1217 \+ 4626 4976 76 427 157 358
6 1227 \+ 7119 7243 389 435 456 419
6 1226 \+ 6913 7117 496 489 389 447
6 1216 \+ 4382 4624 217 495 76 439
6 1225 \+ 6726 6910 390 530 496 501
6 1224 \+ 6559 6724 317 571 390 542
6 1215 \+ 4039 4379 200 577 217 507
6 1223 \+ 6459 6557 379 598 317 583
6 1214 \+ 3774 4036 259 645 200 589
6 1222 \+ 6282 6457 317 649 379 610
6 228 \: 6282 7759 317 649 523 297
