= section4.gt 6 5
6 1263 \+ 18159 18367 317 81 250 684
6 229 \: 18159 19100 317 81 283 507
6 1262 \+ 18132 18156 473 101 357 99
6 1253 \+ 15666 16233 166 156 488 684
6 1261 \+ 17897 18129 422 155 473 113
6 1252 \+ 15605 15663 141 170 166 168
6 1251 \+ 15396 15602 223 224 141 182
6 1260 \+ 17627 17894 459 223 422 167
6 226 \: 15196 16234 32 276 488 684
6 1250 \+ 15196 15393 32 276 223 236
6 1259 \+ 17326 17624 317 305 459 235
6 228 \: 17326 18157 317 305 357 99
6 1249 \+ 14972 15193 207 339 208 297
6 1248 \+ 14773 14970 32 380 207 351
6 1258 \+ 16987 17323 451 393 520 323
6 1257 \+ 16748 16984 364 447 451 405
6 1247 \+ 14322 14770 32 500 32 392
6 225 \: 14322 15194 32 500 208 297
6 1256 \+ 16512 16746 317 513 364 459
6 1246 \+ 13913 14319 177 604 252 521
6 1255 \+ 16430 16509 438 611 552 610
6 1245 \+ 13760 13910 272 645 177 616
6 1254 \+ 16236 16427 317 663 438 623
6 227 \: 16236 17324 317 663 520 323
6 1244 \+ 13636 13758 211 672 272 657
6 1243 \+ 13499 13634 72 699 211 684
