= section4.gt 6 4
6 1274 \+ 20413 20657 286 65 382 657
6 1273 \+ 20271 20410 103 92 286 77
6 1285 \+ 22255 22493 409 89 225 698
6 1272 \+ 20083 20268 258 146 103 104
6 233 \: 22017 23384 317 157 285 480
6 1284 \+ 22017 22252 317 157 409 101
6 1271 \+ 19845 20080 226 201 258 158
6 1283 \+ 21761 22014 415 231 370 175
6 1270 \+ 19565 19842 224 269 226 213
6 1282 \+ 21608 21758 394 272 415 243
6 1281 \+ 21399 21605 317 336 394 284
6 232 \: 21399 22015 317 336 370 175
6 1269 \+ 19252 19563 32 348 224 281
6 1280 \+ 21317 21359 519 410 446 408
6 1268 \+ 19241 19249 178 448 223 460
6 1279 \+ 21146 21314 478 451 519 422
6 230 \: 19102 20963 32 487 460 524
6 1267 \+ 19102 19239 32 487 178 460
6 1278 \+ 20965 21143 317 503 478 463
6 231 \: 20965 21360 317 503 446 408
6 1277 \+ 20882 20962 317 536 460 524
6 1266 \+ 18856 19099 154 550 283 507
6 1276 \+ 20876 20879 375 590 394 602
6 1265 \+ 18595 18854 267 618 154 562
6 1275 \+ 20659 20873 382 645 375 602
6 1264 \+ 18369 18592 250 672 267 630
