= section4.gt 6 5
6 1321 \+ 28315 28689 430 88 67 657
6 1309 \+ 25774 25988 32 100 559 711
6 235 \: 25774 26656 32 100 364 534
6 1308 \+ 25615 25771 264 149 203 120
6 237 \: 27958 28835 317 181 202 630
6 1320 \+ 27958 28313 317 181 430 100
6 1307 \+ 25259 25612 169 231 264 161
6 1319 \+ 27724 27955 389 244 424 202
6 1318 \+ 27599 27721 316 271 389 256
6 1306 \+ 25002 25256 258 299 169 243
6 1305 \+ 24845 25000 32 326 258 311
6 1317 \+ 27383 27596 363 326 316 283
6 1316 \+ 27266 27380 344 353 363 338
6 1304 \+ 24684 24842 63 367 32 338
6 1303 \+ 24477 24681 140 421 63 379
6 1315 \+ 26973 27264 566 435 344 365
6 1302 \+ 24351 24474 32 462 140 433
6 234 \: 24351 25772 32 462 203 120
6 1314 \+ 26821 26970 366 462 566 447
6 1313 \+ 26658 26819 317 514 366 474
6 236 \: 26658 27956 317 514 424 202
6 1301 \+ 24016 24348 113 550 98 480
6 1300 \+ 23901 24013 137 577 113 562
6 1312 \+ 26466 26655 464 577 364 534
6 1299 \+ 23786 23898 146 604 137 589
6 1311 \+ 26303 26463 480 618 464 589
6 1298 \+ 23668 23784 91 631 146 616
6 1310 \+ 25991 26300 559 699 480 630
6 1297 \+ 23382 23665 32 710 91 643
6 233 \: 23382 24349 32 710 98 480
