= section4.gt 6 5
6 1351 \+ 33074 33232 317 68 254 698
6 1338 \+ 30586 30689 293 75 567 711
6 1350 \+ 32961 33071 317 96 317 80
6 1337 \+ 30278 30584 159 143 293 87
6 1336 \+ 30115 30275 193 183 159 155
6 1349 \+ 32588 32958 406 191 317 108
6 1335 \+ 30019 30112 279 211 193 195
6 242 \: 32454 33673 317 232 261 589
6 1348 \+ 32454 32585 317 232 406 203
6 1334 \+ 29881 30016 132 238 279 223
6 239 \: 29749 30690 32 276 567 711
6 1333 \+ 29749 29879 32 276 132 250
6 1347 \+ 32250 32451 455 292 378 250
6 1332 \+ 29645 29746 160 312 133 297
6 1346 \+ 32069 32247 351 333 455 304
6 1331 \+ 29471 29642 116 353 160 324
6 1330 \+ 29422 29468 158 367 116 365
6 1345 \+ 31843 32066 317 387 351 345
6 1329 \+ 29265 29420 207 407 158 379
6 1344 \+ 31677 31840 317 440 317 399
6 241 \: 31677 32452 317 440 378 250
6 1328 \+ 29013 29263 62 462 207 419
6 1343 \+ 31480 31674 409 489 556 460
6 1327 \+ 28853 29010 32 514 62 474
6 238 \: 28853 29747 32 514 133 297
6 1342 \+ 31293 31477 316 530 409 501
6 1326 \+ 28708 28850 67 550 202 534
6 1341 \+ 30938 31291 401 625 316 542
6 1325 \+ 28331 28705 146 645 67 562
6 1340 \+ 30810 30935 317 652 401 637
6 1339 \+ 30692 30807 317 691 317 664
6 240 \: 30692 31675 317 691 556 460
