= section4.gt 6 5
6 1361 \+ 35572 35612 32 75 238 87
6 1362 \+ 35615 35760 238 75 451 698
6 1375 \+ 38084 38299 462 82 138 684
6 1374 \+ 38040 38081 517 96 462 94
6 1360 \+ 35408 35569 63 115 32 87
6 1373 \+ 37827 38037 538 150 517 108
6 1359 \+ 35267 35405 188 156 63 127
6 1358 \+ 35136 35265 68 183 188 168
6 247 \: 37666 38648 317 188 154 602
6 1372 \+ 37666 37825 317 188 538 162
6 1371 \+ 37513 37663 320 224 531 209
6 244 \: 34970 35761 32 236 451 698
6 1357 \+ 34970 35133 32 236 68 195
6 1370 \+ 37225 37509 530 306 583 250
6 1369 \+ 36944 37222 518 374 530 318
6 1356 \+ 34423 34967 164 380 165 256
6 1368 \+ 36822 36942 466 401 518 386
6 1355 \+ 34139 34420 123 448 164 392
6 1367 \+ 36484 36820 466 483 466 413
6 1366 \+ 36415 36481 394 496 466 495
6 1365 \+ 36238 36412 317 548 394 508
6 246 \: 36238 37664 317 548 531 209
6 1354 \+ 33675 34136 32 568 123 460
6 243 \: 33675 34968 32 568 165 256
6 1364 \+ 35975 36235 559 625 523 569
6 1353 \+ 33420 33672 104 631 261 589
6 1363 \+ 35763 35972 317 677 559 637
6 245 \: 35763 36236 317 677 523 569
6 1352 \+ 33234 33417 254 686 104 643
