= section4.gt 6 5
6 1386 \+ 40204 40476 32 110 386 698
6 250 \: 40204 40619 32 110 545 670
6 1396 \+ 41928 42136 459 196 403 154
6 1395 \+ 41778 41925 526 237 459 208
6 1385 \+ 39868 40158 229 265 284 209
6 1384 \+ 39777 39866 70 279 229 277
6 252 \: 41527 43359 317 303 115 387
6 1394 \+ 41527 41776 317 303 526 249
6 1393 \+ 41400 41524 316 339 378 323
6 1383 \+ 39538 39774 234 347 70 291
6 1392 \+ 41238 41397 364 379 316 351
6 1382 \+ 39222 39535 32 425 234 359
6 249 \: 39222 40159 32 425 284 209
6 1391 \+ 41052 41236 540 434 364 391
6 1390 \+ 40843 41050 317 486 540 446
6 1381 \+ 38934 39219 83 503 176 447
6 1380 \+ 38806 38931 260 543 83 515
6 1379 \+ 38650 38803 32 582 260 555
6 248 \: 38650 39220 32 582 176 447
6 1389 \+ 40752 40840 394 611 556 610
6 1378 \+ 38553 38647 258 618 154 602
6 1388 \+ 40621 40749 317 650 394 623
6 251 \: 40621 41525 317 650 378 323
6 1377 \+ 38336 38550 32 658 258 630
6 1376 \+ 38301 38333 138 672 32 670
6 1387 \+ 40479 40618 386 686 545 670
