= section4.gt 6 6
6 1405 \+ 39869 40159 229 86 569 657
6 1404 \+ 39778 39867 70 100 229 80
6 1414 \+ 41528 41777 317 116 242 698
6 264 \: 41528 43360 317 116 115 176
6 1413 \+ 41401 41525 316 152 378 119
6 1403 \+ 39539 39775 234 168 70 94
6 1412 \+ 41239 41398 364 193 316 146
6 261 \: 39223 40160 32 247 569 657
6 1402 \+ 39223 39536 32 247 234 162
6 1411 \+ 41053 41237 540 247 364 187
6 1410 \+ 40844 41051 317 299 540 241
6 1401 \+ 38935 39220 83 324 176 250
6 1400 \+ 38807 38932 260 365 83 318
6 1399 \+ 38651 38804 32 403 260 359
6 260 \: 38651 39221 32 403 176 250
6 1409 \+ 40753 40841 394 425 556 405
6 1398 \+ 38554 38648 258 439 154 406
6 1408 \+ 40622 40750 317 464 394 419
6 263 \: 40622 41526 317 464 378 119
6 1397 \+ 38337 38551 32 480 258 433
6 1396 \+ 38302 38334 138 493 32 474
6 1407 \+ 40480 40619 386 499 545 466
6 1395 \+ 38085 38300 178 548 138 487
6 1394 \+ 38041 38082 232 561 178 542
6 1406 \+ 40205 40477 317 576 386 493
6 262 \: 40205 40620 317 576 545 466
6 1393 \+ 37828 38038 253 616 232 555
6 1392 \+ 37667 37826 32 654 253 610
6 259 \: 37667 38649 32 654 154 406
6 1391 \+ 37514 37664 35 690 246 657
