= section4.gt 6 3
6 1404 \+ 43573 43929 234 104 352 670
6 1416 \+ 46144 46402 552 102 157 698
6 265 \: 43361 44353 32 156 495 575
6 1403 \+ 43361 43571 32 156 234 116
6 1415 \+ 45885 46142 407 156 552 114
6 1414 \+ 45797 45882 531 183 407 168
6 1402 \+ 43166 43358 256 219 115 176
6 267 \: 45642 47125 317 222 121 521
6 1413 \+ 45642 45794 317 222 531 195
6 1401 \+ 42914 43163 116 273 256 231
6 1412 \+ 45485 45639 428 271 375 243
6 1411 \+ 45212 45482 428 339 428 283
6 1400 \+ 42544 42911 123 368 116 285
6 1410 \+ 45012 45209 484 394 428 351
6 1399 \+ 42272 42542 148 436 123 380
6 1409 \+ 44822 45010 377 435 484 406
6 1398 \+ 42139 42269 32 475 148 448
6 1408 \+ 44596 44819 396 489 377 447
6 1407 \+ 44355 44593 317 555 396 501
6 266 \: 44355 45640 317 555 375 243
6 1406 \+ 44107 44352 381 618 495 575
6 1397 \+ 41928 42136 174 645 118 602
6 1405 \+ 43931 44104 352 658 381 630
6 1396 \+ 41778 41925 242 686 174 657
