= section4.gt 6 3
6 1462 \+ 56970 57088 451 93 54 711
6 1448 \+ 54555 54905 194 104 490 670
6 1447 \+ 54430 54553 267 145 194 116
6 1461 \+ 56719 56968 371 161 451 105
6 1460 \+ 56639 56716 420 188 371 173
6 1459 \+ 56531 56636 317 231 420 200
6 1458 \+ 56505 56529 376 238 498 250
6 1457 \+ 56271 56503 317 292 376 250
6 263 \: 56107 58052 317 344 223 444
6 1456 \+ 56107 56269 317 344 317 304
6 1455 \+ 55858 56104 453 407 551 365
6 1446 \+ 53546 54428 54 415 267 157
6 1454 \+ 55668 55856 339 448 453 419
6 1453 \+ 55549 55665 569 489 339 460
6 1452 \+ 55298 55546 387 543 569 501
6 1451 \+ 55264 55295 469 557 387 555
6 1445 \+ 53100 53543 228 563 54 427
6 1450 \+ 55091 55262 418 598 469 569
6 1444 \+ 52917 53097 131 604 228 575
6 1449 \+ 54908 55089 317 649 418 610
6 262 \: 54908 56105 317 649 551 365
6 1443 \+ 52710 52914 198 658 131 616
6 261 \: 52514 54906 32 710 490 670
6 1442 \+ 52514 52707 32 710 198 670
