= intro.gt 2 3
2 103 \+ 25499 25737 32 95 150 75
2 110 \+ 26515 26675 149 139 514 711
2 126 \+ 28363 28798 317 143 234 698
2 109 \+ 26370 26513 172 180 149 151
2 125 \+ 28264 28360 459 182 460 167
2 124 \+ 28159 28261 403 209 459 194
2 108 \+ 26231 26368 230 220 172 192
2 123 \+ 28062 28156 400 236 403 221
2 107 \+ 26146 26228 32 250 230 232
2 122 \+ 28025 28060 463 250 400 248
2 106 \+ 26046 26144 283 284 211 269
2 121 \+ 27898 28022 317 292 463 262
2 120 \+ 27886 27896 515 300 570 312
2 105 \+ 25825 26043 32 325 283 296
2 119 \+ 27761 27883 449 327 515 312
2 104 \+ 25740 25822 151 352 32 337
2 102 \+ 25426 25497 66 365 142 364
2 118 \+ 27564 27759 317 379 449 339
2 101 \+ 25310 25424 32 404 66 377
2 22 \: 27414 28799 317 471 234 698
2 117 \+ 27414 27561 317 471 501 445
2 116 \+ 27320 27411 504 507 415 492
2 115 \+ 27200 27318 469 534 504 519
2 100 \+ 25137 25307 144 545 162 516
2 114 \+ 27093 27197 473 562 469 546
2 20 \: 25010 26949 32 583 439 630
2 99 \+ 25010 25135 32 583 144 557
2 113 \+ 26952 27090 317 600 473 574
2 21 \: 26952 27412 317 600 415 492
2 97 \+ 24854 24854 185 645 199 657
2 98 \+ 24856 25006 199 645 197 616
2 112 \+ 26872 26948 543 645 439 630
2 111 \+ 26678 26870 514 699 543 657
