= section4.gt 6 3
6 1478 \+ 56111 56273 317 88 32 698
6 275 \: 56111 58058 317 88 223 193
6 1477 \+ 55862 56108 453 151 551 108
6 1476 \+ 55672 55860 339 191 453 163
6 1475 \+ 55553 55669 569 232 339 203
6 1469 \+ 53101 53359 228 285 124 229
6 1474 \+ 55302 55550 387 287 569 244
6 1473 \+ 55268 55299 469 300 387 299
6 1468 \+ 52918 53098 131 326 228 297
6 1472 \+ 55095 55266 418 341 469 312
6 1467 \+ 52711 52915 198 380 131 338
6 1471 \+ 54912 55093 317 393 418 353
6 274 \: 54912 56109 317 393 551 108
6 273 \: 52515 54910 32 432 490 414
6 1466 \+ 52515 52708 32 432 198 392
6 1470 \+ 54711 54909 317 453 490 414
6 1465 \+ 52381 52512 75 468 218 453
6 1464 \+ 52174 52378 124 522 75 480
6 1463 \+ 51934 52172 74 577 124 534
6 1462 \+ 51804 51931 219 618 74 589
6 1461 \+ 51675 51802 137 645 219 630
6 1460 \+ 51503 51672 125 686 137 657
