= section4.gt 6 4
6 1495 \+ 65698 65818 522 68 74 684
6 271 \: 65609 66236 317 93 182 589
6 1494 \+ 65609 65695 317 93 522 80
6 1485 \+ 63078 63666 92 119 470 630
6 1493 \+ 65285 65606 543 183 540 114
6 1484 \+ 62797 63076 32 218 92 131
6 1492 \+ 65066 65283 489 238 543 195
6 1483 \+ 62710 62795 169 247 45 232
6 1491 \+ 64826 65064 317 306 489 250
6 270 \: 64826 65607 317 306 540 114
6 1482 \+ 62310 62708 151 361 169 259
6 1481 \+ 62209 62308 94 388 151 373
6 1490 \+ 64473 64823 466 407 350 324
6 1480 \+ 62159 62207 32 419 94 400
6 1489 \+ 64313 64470 514 448 466 419
6 1479 \+ 62008 62157 204 462 115 433
6 1488 \+ 64019 64310 431 516 514 460
6 268 \: 61703 63892 32 541 511 575
6 1478 \+ 61703 62006 32 541 204 474
6 1487 \+ 63894 64016 317 554 431 528
6 269 \: 63894 64824 317 554 350 324
6 1477 \+ 61504 61700 165 590 287 562
6 1486 \+ 63668 63891 470 618 511 575
6 1476 \+ 61272 61502 117 645 165 602
