= section4.gt 6 5
6 1513 \+ 69942 70262 379 61 69 643
6 1503 \+ 67451 67653 66 68 568 684
6 1502 \+ 67262 67448 231 123 66 80
6 1512 \+ 69497 69939 316 170 379 73
6 1501 \+ 66967 67260 135 191 231 135
6 275 \: 66888 68120 32 216 374 562
6 1500 \+ 66888 66964 32 216 135 203
6 1511 \+ 69325 69495 459 224 316 182
6 1499 \+ 66713 66885 220 265 260 236
6 1510 \+ 69152 69322 432 265 459 236
6 1498 \+ 66556 66711 243 306 220 277
6 277 \: 68911 70263 317 331 69 643
6 1509 \+ 68911 69149 317 331 432 277
6 1497 \+ 66238 66554 32 385 243 318
6 274 \: 66238 66886 32 385 260 236
6 1508 \+ 68570 68908 442 421 437 351
6 1496 \+ 66040 66235 32 435 182 406
6 1507 \+ 68362 68567 501 475 442 433
6 1495 \+ 65821 66037 74 489 32 447
6 1494 \+ 65698 65818 237 530 74 501
6 1506 \+ 68122 68360 317 543 501 487
6 276 \: 68122 68909 317 543 437 351
6 1493 \+ 65609 65695 32 555 237 542
6 273 \: 65609 66236 32 555 182 406
6 1505 \+ 67894 68119 317 604 374 562
6 1492 \+ 65285 65606 259 645 256 575
6 1504 \+ 67656 67892 568 672 317 616
6 1491 \+ 65066 65283 205 699 259 657
