= section4.gt 6 4
6 1550 \+ 76765 76975 444 82 99 684
6 1539 \+ 74181 74454 289 108 571 698
6 1549 \+ 76600 76762 479 123 444 94
6 280 \: 76294 77405 317 202 285 589
6 1548 \+ 76294 76597 317 202 479 135
6 1538 \+ 73677 74178 237 231 289 120
6 1547 \+ 76055 76291 558 279 377 223
6 1537 \+ 73375 73675 124 299 237 243
6 1546 \+ 75835 76053 573 333 558 291
6 277 \: 73187 74566 32 350 550 670
6 1536 \+ 73187 73372 32 350 124 311
6 1545 \+ 75568 75832 317 399 573 345
6 279 \: 75568 76292 317 399 377 223
6 1535 \+ 72827 73184 67 441 165 371
6 1544 \+ 75350 75565 316 448 554 419
6 1534 \+ 72642 72825 244 495 67 453
6 1543 \+ 75138 75347 406 503 316 460
6 1533 \+ 72544 72640 282 522 244 507
6 1542 \+ 74856 75135 392 571 406 515
6 1532 \+ 72275 72541 52 577 282 534
6 1531 \+ 72078 72273 167 631 52 589
6 1541 \+ 74568 74854 317 650 392 583
6 278 \: 74568 75566 317 650 554 419
6 1530 \+ 71921 72075 213 672 167 643
6 1540 \+ 74457 74565 571 686 550 670
