= section4.gt 6 3
6 1537 \+ 72822 73179 67 81 449 657
6 1546 \+ 75345 75560 316 88 269 711
6 1536 \+ 72637 72820 244 135 67 93
6 1545 \+ 75133 75342 406 143 316 100
6 1535 \+ 72539 72635 282 163 244 147
6 1544 \+ 74851 75130 392 211 406 155
6 1534 \+ 72270 72536 52 217 282 175
6 1533 \+ 72073 72268 167 271 52 229
6 290 \: 74563 75561 317 290 269 711
6 1543 \+ 74563 74849 317 290 392 223
6 1532 \+ 71916 72070 213 312 167 283
6 1542 \+ 74452 74560 571 326 550 311
6 1531 \+ 71764 71913 277 353 213 324
6 288 \: 71609 73180 32 391 449 657
6 1530 \+ 71609 71761 32 391 277 365
6 1541 \+ 74176 74449 573 394 571 338
6 1540 \+ 73672 74173 521 516 573 406
6 1529 \+ 71035 71606 251 550 120 412
6 1539 \+ 73370 73670 409 584 521 528
6 1528 \+ 70711 71033 32 618 251 562
6 1538 \+ 73182 73367 317 636 409 596
6 289 \: 73182 74561 317 636 550 311
6 1527 \+ 70465 70708 177 686 32 630
