= section4.gt 6 5
6 1576 \+ 80615 80934 433 109 85 684
6 1561 \+ 78097 78372 202 115 470 711
6 1560 \+ 77958 78094 69 143 202 127
6 1575 \+ 80375 80612 316 164 433 121
6 1559 \+ 77778 77955 243 197 69 155
6 1574 \+ 80253 80373 540 204 316 176
6 1557 \+ 77676 77725 31 211 272 223
6 1558 \+ 77727 77776 272 211 243 209
6 1573 \+ 80123 80250 440 232 540 216
6 1556 \+ 77531 77674 144 251 31 223
6 296 \: 79938 80935 317 284 85 684
6 1572 \+ 79938 80120 317 284 440 244
6 293 \: 77402 78373 32 290 470 711
6 1555 \+ 77402 77528 32 290 144 263
6 1571 \+ 79766 79935 519 333 525 304
6 1554 \+ 77172 77399 259 353 285 311
6 1553 \+ 76973 77169 99 394 259 365
6 1570 \+ 79422 79764 424 415 519 345
6 1552 \+ 76760 76970 160 448 99 406
6 1569 \+ 79251 79419 399 455 424 427
6 1568 \+ 79155 79249 444 483 399 467
6 1551 \+ 76595 76757 194 489 160 460
6 1567 \+ 79097 79152 402 496 444 495
6 1566 \+ 79024 79094 317 521 402 508
6 295 \: 79024 79936 317 521 525 304
6 1550 \+ 76289 76592 32 568 194 501
6 292 \: 76289 77400 32 568 285 311
6 1565 \+ 78869 79021 487 571 430 542
6 1564 \+ 78701 78867 519 611 487 583
6 1563 \+ 78598 78699 558 639 519 623
6 1549 \+ 76050 76286 274 645 93 589
6 1562 \+ 78375 78595 317 690 558 651
6 294 \: 78375 79022 317 690 430 542
6 1548 \+ 75830 76048 289 699 274 657
