= section5.gt 7 5
7 1605 \+ 8461 8723 413 61 65 657
7 1604 \+ 8239 8458 407 115 413 73
7 1591 \+ 5551 5921 32 143 186 73
7 1603 \+ 7952 8236 406 183 407 127
7 1590 \+ 5302 5548 188 211 32 155
7 296 \: 7706 8724 317 251 65 657
7 1602 \+ 7706 7950 317 251 406 195
7 1601 \+ 7626 7703 347 271 434 270
7 1589 \+ 4939 5300 32 304 188 223
7 293 \: 4939 5922 32 304 186 73
7 1600 \+ 7459 7623 343 312 347 283
7 1599 \+ 7325 7457 450 353 343 324
7 1588 \+ 4611 4936 72 380 282 324
7 1598 \+ 7157 7322 433 394 450 365
7 1587 \+ 4408 4609 172 435 72 392
7 1597 \+ 6864 7154 317 473 433 406
7 295 \: 6864 7704 317 473 434 270
7 1586 \+ 4175 4406 106 489 172 447
7 1596 \+ 6733 6861 498 509 571 494
7 1585 \+ 3955 4172 140 543 106 501
7 1595 \+ 6567 6731 507 550 498 521
7 1584 \+ 3807 3952 242 584 140 555
7 1594 \+ 6346 6564 481 604 507 562
7 1583 \+ 3654 3804 32 623 242 596
7 292 \: 3654 4937 32 623 282 324
7 1593 \+ 6201 6343 317 631 481 616
7 1582 \+ 3474 3651 278 686 50 643
7 1592 \+ 5924 6198 317 710 317 643
7 294 \: 5924 6862 317 710 571 494
