= section5.gt 7 2
7 1622 \+ 12890 12997 470 135 343 125
7 1621 \+ 12684 12888 512 163 470 144
7 1617 \+ 11213 11834 192 170 520 684
7 297 \: 11017 14392 32 224 229 698
7 1616 \+ 11017 11211 32 224 192 182
7 1627 \+ 14159 14391 460 236 229 698
7 1615 \+ 10811 11014 154 285 59 243
7 1626 \+ 13895 14157 549 304 460 248
7 1625 \+ 13791 13892 317 318 549 316
7 1624 \+ 13628 13788 317 358 317 330
7 1614 \+ 10503 10809 285 367 154 297
7 1613 \+ 10246 10500 147 421 285 379
7 1612 \+ 9966 10244 171 489 147 433
7 1620 \+ 12172 12681 520 508 512 172
7 1611 \+ 9715 9963 32 555 171 501
7 296 \: 9715 11015 32 555 59 243
7 1619 \+ 11964 12170 317 560 520 520
7 1610 \+ 9566 9712 174 604 79 575
7 1609 \+ 9304 9563 235 672 174 616
7 1618 \+ 11836 11961 520 672 583 657
