= section5.gt 7 2
7 1632 \+ 12879 12986 470 121 343 111
7 1631 \+ 12673 12877 512 149 470 130
7 1627 \+ 11202 11823 192 183 520 698
7 308 \: 11006 14381 32 238 514 207
7 1626 \+ 11006 11200 32 238 192 195
7 1637 \+ 14148 14380 460 250 514 207
7 1625 \+ 10800 11003 154 299 59 256
7 1636 \+ 13884 14146 549 318 460 262
7 1635 \+ 13780 13881 317 331 549 330
7 1634 \+ 13617 13777 317 372 317 343
7 1624 \+ 10492 10798 285 380 154 311
7 1623 \+ 10235 10489 147 435 285 392
7 1622 \+ 9955 10233 171 503 147 447
7 1630 \+ 12161 12670 520 522 512 158
7 1621 \+ 9704 9952 32 568 171 515
7 307 \: 9704 11004 32 568 59 256
7 1629 \+ 11953 12159 317 573 520 534
7 1620 \+ 9555 9701 174 618 79 589
7 1619 \+ 9293 9552 235 686 174 630
7 1628 \+ 11825 11950 520 686 583 670
