= section5.gt 7 6
7 1675 \+ 24169 24321 438 81 32 698
7 1674 \+ 24087 24166 317 106 438 93
7 308 \: 24087 25066 317 106 112 74
7 1673 \+ 23967 24084 366 141 404 126
7 1662 \+ 21919 21941 76 191 188 203
7 1672 \+ 23781 23964 546 196 366 153
7 305 \: 21745 22537 32 243 527 533
7 1661 \+ 21745 21916 32 243 76 203
7 1671 \+ 23449 23778 317 275 546 208
7 307 \: 23449 24085 317 275 404 126
7 1660 \+ 21524 21742 93 306 101 263
7 1670 \+ 23306 23446 316 311 461 296
7 1669 \+ 23086 23304 352 365 316 323
7 1659 \+ 21173 21522 266 401 93 318
7 1668 \+ 22826 23083 391 433 352 377
7 1658 \+ 20959 21170 32 453 266 413
7 304 \: 20959 21743 32 453 101 263
7 1667 \+ 22645 22823 573 488 391 445
7 1657 \+ 20780 20956 186 503 199 474
7 1666 \+ 22539 22642 317 512 573 500
7 306 \: 22539 23447 317 512 461 296
7 1656 \+ 20587 20777 102 543 186 515
7 1655 \+ 20409 20584 98 584 102 555
7 1665 \+ 22245 22536 444 589 527 533
7 1664 \+ 22149 22242 530 616 444 601
7 1654 \+ 20171 20406 32 650 98 596
7 303 \: 20171 20957 32 650 199 474
7 1663 \+ 21944 22147 317 668 530 628
7 1653 \+ 19994 20168 158 699 194 670
