= intro.gt 2 4
2 139 \+ 30913 30993 131 61 559 711
2 149 \+ 33333 33508 457 75 273 698
2 138 \+ 30733 30910 61 102 131 73
2 137 \+ 30527 30730 85 156 61 114
2 148 \+ 33013 33330 444 156 457 87
2 136 \+ 30386 30524 204 197 85 168
2 147 \+ 32611 33010 317 251 444 168
2 23 \: 30075 31340 32 276 384 616
2 135 \+ 30075 30383 32 276 204 209
2 146 \+ 32466 32609 434 292 317 263
2 25 \: 32347 33923 317 331 172 589
2 145 \+ 32347 32463 317 331 434 304
2 134 \+ 29765 30072 65 353 199 297
2 144 \+ 32175 32344 404 380 460 351
2 133 \+ 29501 29763 156 421 65 365
2 143 \+ 31977 32172 469 435 404 392
2 142 \+ 31765 31974 457 489 469 447
2 132 \+ 29129 29499 269 516 156 433
2 131 \+ 28956 29126 264 557 269 528
2 130 \+ 28796 28953 32 595 264 569
2 22 \: 28796 30073 32 595 199 297
2 141 \+ 31342 31762 317 596 457 501
2 24 \: 31342 32345 317 596 460 351
2 140 \+ 30996 31339 559 699 384 616
