= section5.gt 7 5
7 1693 \+ 28103 28269 375 61 97 684
7 1678 \+ 24858 25065 131 100 112 81
7 1692 \+ 27923 28100 566 115 375 73
7 1681 \+ 25542 25612 159 136 512 711
7 314 \: 27704 28270 317 170 97 684
7 1691 \+ 27704 27920 317 170 566 127
7 1680 \+ 25325 25539 198 191 159 148
7 1690 \+ 27424 27701 407 244 393 188
7 312 \: 25069 26054 32 257 481 602
7 1679 \+ 25069 25323 32 257 198 203
7 1677 \+ 24567 24856 110 292 131 109
7 1689 \+ 27186 27421 347 299 407 256
7 1676 \+ 24477 24564 213 319 110 304
7 1675 \+ 24324 24474 32 347 213 331
7 1688 \+ 26970 27183 439 353 347 311
7 1674 \+ 24169 24321 154 387 32 359
7 1687 \+ 26742 26967 396 407 439 365
7 1673 \+ 24087 24166 32 412 154 399
7 311 \: 24087 25066 32 412 112 81
7 1672 \+ 23967 24084 81 448 119 433
7 1686 \+ 26610 26740 559 448 396 419
7 1685 \+ 26413 26607 435 489 559 460
7 1671 \+ 23781 23964 262 503 81 460
7 1684 \+ 26331 26410 317 503 435 501
7 1670 \+ 23449 23778 32 581 262 515
7 310 \: 23449 24085 32 581 119 433
7 1683 \+ 26056 26329 317 582 317 515
7 313 \: 26056 27702 317 582 393 188
7 1669 \+ 23306 23446 32 618 176 602
7 1668 \+ 23086 23304 67 672 32 630
7 1682 \+ 25615 26053 512 699 481 602
