= section5.gt 7 6
7 1726 \+ 32171 32335 32 66 408 670
7 316 \: 32171 32745 32 66 507 575
7 1725 \+ 32013 32168 69 102 285 87
7 1737 \+ 34231 34497 317 123 247 711
7 319 \: 34231 35126 317 123 262 562
7 1724 \+ 31897 32010 59 129 69 114
7 1723 \+ 31826 31895 244 156 59 141
7 1722 \+ 31675 31823 60 183 244 168
7 1721 \+ 31574 31673 126 211 60 195
7 1736 \+ 33870 34228 446 213 572 143
7 1720 \+ 31446 31571 31 238 126 223
7 1735 \+ 33743 33867 386 240 446 225
7 1719 \+ 31333 31443 32 276 31 250
7 315 \: 31333 32169 32 276 285 87
7 1734 \+ 33571 33740 367 281 386 252
7 1718 \+ 31236 31330 235 312 169 297
7 1733 \+ 33493 33569 535 308 367 293
7 1717 \+ 31103 31234 146 339 235 324
7 1732 \+ 33380 33490 523 335 535 320
7 1716 \+ 30943 31101 244 380 146 351
7 1731 \+ 33187 33377 317 385 523 347
7 318 \: 33187 34229 317 385 572 143
7 1715 \+ 30793 30940 99 407 244 392
7 1714 \+ 30557 30791 32 473 99 419
7 314 \: 30557 31331 32 473 169 297
7 1730 \+ 32878 33154 488 516 486 460
7 1713 \+ 30271 30554 256 550 264 494
7 1729 \+ 32747 32875 317 555 488 528
7 317 \: 32747 33155 317 555 486 460
7 1728 \+ 32530 32744 539 618 507 575
7 1712 \+ 29907 30268 142 631 256 562
7 1727 \+ 32338 32527 408 658 539 630
7 1711 \+ 29684 29904 157 686 142 643
