= section5.gt 7 4
7 1748 \+ 36757 37390 91 76 505 563
7 1759 \+ 39099 39353 317 88 216 684
7 323 \: 39099 40497 317 88 68 398
7 1747 \+ 36615 36755 73 117 91 88
7 1758 \+ 38995 39096 415 123 381 108
7 1746 \+ 36491 36612 189 158 73 129
7 1757 \+ 38763 38993 316 178 415 135
7 1756 \+ 38718 38761 377 191 316 190
7 1745 \+ 36339 36489 174 199 189 170
7 1755 \+ 38583 38716 516 232 377 203
7 1754 \+ 38488 38580 317 246 516 244
7 1753 \+ 38288 38485 350 300 317 258
7 1744 \+ 35995 36336 136 306 166 211
7 321 \: 35810 37959 32 357 366 414
7 1743 \+ 35810 35993 32 357 136 318
7 1752 \+ 38109 38285 569 355 350 312
7 1751 \+ 37961 38106 317 395 569 367
7 322 \: 37961 39097 317 395 381 108
7 1742 \+ 35484 35807 214 448 225 379
7 1750 \+ 37580 37958 347 497 366 414
7 1741 \+ 35238 35481 65 503 214 460
7 1740 \+ 35128 35235 32 541 65 515
7 320 \: 35128 35808 32 541 225 379
7 1749 \+ 37393 37577 505 551 347 509
7 1739 \+ 34788 35125 289 631 262 562
7 1738 \+ 34500 34785 247 699 289 643
