= section5.gt 7 4
7 1759 \+ 41489 41715 32 88 376 684
7 325 \: 41489 42633 32 88 522 466
7 1772 \+ 44010 44159 400 88 59 711
7 1771 \+ 43753 44007 476 156 400 100
7 1758 \+ 41257 41486 248 163 52 107
7 1770 \+ 43603 43750 573 197 476 168
7 327 \: 43499 44160 317 222 59 711
7 1769 \+ 43499 43601 317 222 573 209
7 1757 \+ 40942 41255 65 231 248 175
7 1768 \+ 43253 43496 419 285 527 243
7 1756 \+ 40661 40940 252 312 65 243
7 1767 \+ 43135 43250 392 312 419 297
7 1755 \+ 40502 40659 32 351 252 324
7 324 \: 40502 41487 32 351 52 107
7 1754 \+ 40339 40499 117 400 68 371
7 1766 \+ 42710 43133 414 421 392 324
7 1765 \+ 42635 42707 317 445 414 433
7 326 \: 42635 43497 317 445 527 243
7 1753 \+ 40098 40337 32 454 117 412
7 1752 \+ 39969 40095 218 495 32 466
7 1764 \+ 42452 42632 439 495 522 466
7 1763 \+ 42320 42449 317 522 439 507
7 1751 \+ 39807 39967 270 536 218 507
7 1750 \+ 39697 39804 275 563 270 548
7 1762 \+ 42170 42317 403 563 317 534
7 1749 \+ 39579 39694 237 590 275 575
7 1761 \+ 41902 42167 435 631 403 575
7 1748 \+ 39359 39576 216 645 237 602
7 1760 \+ 41717 41899 376 672 435 643
