= section5.gt 7 4
7 1777 \+ 45092 45159 125 68 487 711
7 332 \: 45019 45944 32 93 480 521
7 1776 \+ 45019 45089 32 93 125 80
7 1775 \+ 44779 45016 177 156 268 114
7 1789 \+ 47258 47648 476 163 496 79
7 1774 \+ 44544 44776 118 211 177 168
7 1788 \+ 47065 47255 562 217 476 175
7 1787 \+ 46964 47063 463 244 562 229
7 1773 \+ 44236 44541 134 292 118 223
7 1786 \+ 46756 46962 470 299 463 256
7 1772 \+ 44161 44233 32 319 134 304
7 331 \: 44161 45017 32 319 268 114
7 1771 \+ 44009 44158 115 367 59 338
7 1785 \+ 46413 46753 386 380 470 311
7 1770 \+ 43752 44006 191 435 115 379
7 1784 \+ 46227 46410 571 435 386 392
7 1769 \+ 43602 43749 289 475 191 447
7 1768 \+ 43498 43600 32 500 289 487
7 330 \: 43498 44159 32 500 59 338
7 1783 \+ 45946 46224 317 500 571 447
7 333 \: 45946 47649 317 500 496 79
7 1782 \+ 45814 45943 372 536 480 521
7 1767 \+ 43252 43495 134 563 242 521
7 1781 \+ 45690 45811 566 577 372 548
7 1766 \+ 43134 43249 108 590 134 575
7 1780 \+ 45471 45687 362 618 566 589
7 1779 \+ 45294 45469 317 658 362 630
7 1765 \+ 42709 43132 129 699 108 602
7 1778 \+ 45162 45292 487 699 317 670
