= section5.gt 7 6
7 1799 \+ 48629 48790 87 87 365 698
7 1813 \+ 50731 50878 317 92 273 711
7 339 \: 48513 49426 32 123 460 548
7 1798 \+ 48513 48626 32 123 87 99
7 1812 \+ 50721 50728 385 177 431 189
7 342 \: 50590 51937 317 216 209 439
7 1811 \+ 50590 50718 317 216 385 189
7 1797 \+ 48286 48467 32 236 103 195
7 338 \: 48286 48468 32 236 103 195
7 1810 \+ 50502 50587 346 238 489 236
7 1809 \+ 50394 50499 365 265 346 250
7 1808 \+ 50273 50392 317 292 365 277
7 1796 \+ 47989 48283 110 312 226 256
7 1807 \+ 50161 50270 317 331 317 304
7 341 \: 50161 50588 317 331 489 236
7 1795 \+ 47867 47986 68 339 110 324
7 1806 \+ 50011 50158 534 380 415 351
7 1794 \+ 47651 47865 32 405 68 351
7 337 \: 47651 48284 32 405 226 256
7 1805 \+ 49705 50008 363 448 534 392
7 1804 \+ 49533 49702 317 489 363 460
7 1793 \+ 47258 47648 191 509 212 426
7 1803 \+ 49428 49530 317 528 317 501
7 340 \: 49428 50159 317 528 415 351
7 1792 \+ 47065 47255 277 563 191 521
7 1802 \+ 49315 49425 468 563 460 548
7 1791 \+ 46964 47063 179 590 277 575
7 1801 \+ 49032 49312 448 631 468 575
7 1790 \+ 46756 46962 186 645 179 602
7 1800 \+ 48793 49029 365 686 448 643
