= section5.gt 7 5
7 1847 \+ 55904 56110 109 75 316 684
7 1857 \+ 58205 58403 459 85 86 684
7 340 \: 55733 56772 32 127 526 534
7 1846 \+ 55733 55902 32 127 109 87
7 343 \: 58013 58852 317 137 111 575
7 1856 \+ 58013 58202 317 137 459 97
7 1845 \+ 55509 55730 145 190 108 147
7 1855 \+ 57743 58010 527 214 461 158
7 1844 \+ 55293 55506 84 244 145 202
7 1854 \+ 57520 57740 563 268 527 226
7 1843 \+ 55073 55290 67 299 84 256
7 1853 \+ 57357 57517 317 307 563 280
7 342 \: 57357 58011 317 307 461 158
7 1852 \+ 57149 57354 462 370 375 327
7 1842 \+ 54714 55071 226 394 67 311
7 1841 \+ 54532 54712 170 435 226 406
7 1840 \+ 54449 54530 32 459 170 447
7 339 \: 54449 55731 32 459 108 147
7 1851 \+ 56795 57146 317 460 462 382
7 341 \: 56795 57355 317 460 375 327
7 1850 \+ 56609 56771 558 563 526 534
7 1839 \+ 54008 54446 111 577 56 480
7 1838 \+ 53831 54006 65 618 111 589
7 1849 \+ 56386 56607 548 618 558 575
7 1837 \+ 53707 53829 218 658 65 630
7 1836 \+ 53645 53705 107 672 218 670
7 1848 \+ 56112 56384 316 672 548 630
