= section5.gt 7 3
7 1863 \+ 62964 63214 481 95 76 684
7 1862 \+ 62817 62961 317 122 481 107
7 1855 \+ 60168 60581 32 145 500 698
7 344 \: 60168 61440 32 145 551 494
7 1861 \+ 62511 62815 441 203 317 134
7 1854 \+ 59932 60165 32 220 127 166
7 1853 \+ 59921 59929 179 285 224 297
7 1852 \+ 59848 59918 95 299 179 297
7 1851 \+ 59742 59845 157 326 95 311
7 1860 \+ 61965 62509 470 339 441 215
7 1850 \+ 59475 59739 173 394 157 338
7 1859 \+ 61723 61962 358 394 470 351
7 1849 \+ 59331 59473 250 435 173 406
7 1848 \+ 59232 59329 32 460 250 447
7 343 \: 59232 60166 32 460 127 166
7 345 \: 61442 63689 317 473 232 575
7 1858 \+ 61442 61720 317 473 358 406
7 1847 \+ 59007 59229 226 522 242 480
7 1857 \+ 61058 61439 359 563 551 494
7 1846 \+ 58716 59004 178 590 226 534
7 1845 \+ 58470 58714 77 645 178 602
7 1856 \+ 60584 61055 500 686 359 575
7 1844 \+ 58294 58468 278 699 77 657
