= section5.gt 7 3
7 1871 \+ 64742 65080 229 122 340 684
7 1870 \+ 64499 64739 163 176 229 134
7 1869 \+ 64360 64496 62 203 163 188
7 1878 \+ 66896 67511 317 208 71 711
7 349 \: 66896 68116 317 208 273 575
7 1868 \+ 64105 64357 177 271 62 215
7 1867 \+ 63903 64103 277 326 177 283
7 1877 \+ 66433 66893 316 326 402 229
7 347 \: 63689 65440 32 377 501 602
7 1866 \+ 63689 63900 32 377 277 338
7 1876 \+ 66027 66431 497 435 316 338
7 1865 \+ 63412 63686 245 454 232 398
7 1875 \+ 65795 66025 450 489 497 447
7 1864 \+ 63215 63409 76 495 245 466
7 1874 \+ 65590 65792 562 543 450 501
7 1863 \+ 62962 63212 196 563 76 507
7 1873 \+ 65442 65588 317 581 562 555
7 348 \: 65442 66894 317 581 402 229
7 1862 \+ 62815 62959 32 590 196 575
7 1861 \+ 62509 62813 156 672 32 602
7 1872 \+ 65082 65439 340 672 501 602
