= section5.gt 7 4
7 1886 \+ 69140 69577 149 102 449 657
7 1894 \+ 71427 71930 316 120 278 670
7 354 \: 71320 72572 317 158 137 507
7 1893 \+ 71320 71425 317 158 316 132
7 1885 \+ 68789 69137 60 183 149 114
7 1884 \+ 68664 68786 267 224 60 195
7 1892 \+ 71023 71317 316 235 424 179
7 1883 \+ 68227 68662 277 333 267 236
7 1891 \+ 70589 71020 317 344 316 247
7 352 \: 68118 69756 32 358 500 616
7 1882 \+ 68118 68224 32 358 277 345
7 1890 \+ 70387 70587 388 399 317 356
7 1881 \+ 67945 68115 237 407 273 379
7 1880 \+ 67809 67943 128 435 237 419
7 1879 \+ 67641 67807 142 475 128 447
7 1889 \+ 70047 70384 383 480 388 411
7 1878 \+ 67514 67639 71 503 142 487
7 1888 \+ 69813 70045 317 544 383 492
7 353 \: 69813 71318 317 544 424 179
7 1887 \+ 69580 69755 449 645 500 616
7 1877 \+ 66896 67511 32 664 71 515
7 351 \: 66896 68116 32 664 273 379
