= intro.gt 2 6
2 159 \+ 36008 36308 32 105 431 684
2 170 \+ 38459 38700 484 114 133 684
2 158 \+ 35757 36006 125 173 32 99
2 32 \: 38210 39500 317 179 105 480
2 169 \+ 38210 38457 317 179 484 108
2 168 \+ 38090 38207 377 215 411 182
2 29 \: 35405 36309 32 268 431 684
2 157 \+ 35405 35754 32 268 125 167
2 167 \+ 37820 38088 427 283 377 209
2 166 \+ 37637 37817 316 324 427 277
2 156 \+ 35060 35402 158 378 256 291
2 165 \+ 37339 37634 460 405 316 318
2 155 \+ 34765 35057 75 446 158 372
2 164 \+ 37207 37336 317 446 460 399
2 31 \: 37207 38208 317 446 411 182
2 154 \+ 34705 34763 32 471 75 440
2 28 \: 34705 35403 32 471 256 291
2 153 \+ 34614 34702 114 493 287 474
2 163 \+ 37003 37204 462 507 396 447
2 152 \+ 34478 34611 232 534 114 487
2 162 \+ 36756 37000 317 561 462 501
2 151 \+ 34128 34475 203 616 232 528
2 161 \+ 36500 36753 458 629 317 555
2 150 \+ 33931 34125 32 668 203 610
2 27 \: 33931 34703 32 668 287 474
2 160 \+ 36311 36497 317 682 458 623
2 30 \: 36311 37205 317 682 396 447
2 149 \+ 33748 33928 63 717 172 670
