= section5.gt 7 3
7 1900 \+ 74004 74384 96 122 572 698
7 1907 \+ 76360 76694 374 134 139 711
7 1906 \+ 76032 76358 357 215 374 146
7 357 \: 75637 77252 317 320 178 575
7 1905 \+ 75637 76029 317 320 357 227
7 1899 \+ 73119 74001 32 339 96 134
7 1898 \+ 72782 73116 32 421 32 351
7 1904 \+ 75328 75588 317 435 479 392
7 355 \: 72574 74385 32 486 572 698
7 1897 \+ 72574 72779 32 486 32 433
7 1903 \+ 75080 75325 493 503 317 447
7 1896 \+ 72297 72571 121 563 137 507
7 1902 \+ 74711 75077 566 598 493 515
7 1895 \+ 71932 72295 278 658 121 575
7 1901 \+ 74387 74708 317 679 566 610
7 356 \: 74387 75589 317 679 479 392
