= section5.gt 7 3
7 1916 \+ 75172 75493 32 88 566 670
7 365 \: 75172 76374 32 88 479 453
7 1923 \+ 77482 78036 424 113 178 630
7 1915 \+ 74789 75169 96 176 287 107
7 1922 \+ 77145 77479 374 195 424 125
7 1921 \+ 76817 77143 357 276 374 207
7 366 \: 76422 78037 317 381 178 630
7 1920 \+ 76422 76814 317 381 357 288
7 1914 \+ 73904 74786 32 394 96 188
7 1913 \+ 73567 73901 32 475 32 406
7 1919 \+ 76113 76373 317 495 479 453
7 1912 \+ 73359 73564 32 541 32 487
7 364 \: 73359 75170 32 541 287 107
7 1918 \+ 75865 76110 493 563 317 507
7 1911 \+ 73082 73356 121 618 137 562
7 1917 \+ 75496 75862 566 658 493 575
