= section5.gt 7 5
7 1947 \+ 87558 87692 317 92 121 711
7 364 \: 87558 88454 317 92 197 534
7 1946 \+ 87440 87555 379 128 396 113
7 1945 \+ 87265 87438 316 169 379 140
7 1936 \+ 85205 85475 282 176 90 107
7 1944 \+ 87110 87262 371 210 316 181
7 1935 \+ 84962 85202 147 231 282 188
7 1943 \+ 86909 87107 459 264 371 222
7 1934 \+ 84742 84960 112 285 147 243
7 1942 \+ 86717 86906 317 316 459 276
7 363 \: 86717 87556 317 316 396 113
7 1933 \+ 84502 84740 32 339 112 297
7 1941 \+ 86447 86714 527 393 461 337
7 1940 \+ 86224 86444 563 447 527 405
7 1932 \+ 83952 84499 32 489 32 351
7 360 \: 83952 85476 32 489 90 107
7 1939 \+ 86061 86221 317 486 563 459
7 362 \: 86061 86715 317 486 461 337
7 1938 \+ 85853 86058 462 549 375 506
7 1931 \+ 83602 83949 268 590 73 507
7 1937 \+ 85499 85850 317 639 462 561
7 361 \: 85499 86059 317 639 375 506
7 1930 \+ 83272 83599 32 658 268 602
