= section5.gt 7 4
7 1978 \+ 87235 87502 527 91 176 684
7 1964 \+ 83206 83460 32 99 173 79
7 1977 \+ 87012 87232 563 146 527 103
7 374 \: 86849 87503 317 184 176 684
7 1976 \+ 86849 87009 317 184 563 158
7 1969 \+ 84740 85287 32 197 316 657
7 372 \: 84740 86264 32 197 375 412
7 1975 \+ 86641 86846 462 247 375 205
7 1968 \+ 84390 84737 268 299 73 215
7 1974 \+ 86287 86638 317 337 462 259
7 373 \: 86287 86847 317 337 375 205
7 1967 \+ 84060 84387 32 367 268 311
7 1966 \+ 83878 84057 194 421 32 379
7 1973 \+ 85993 86263 566 482 375 412
7 1965 \+ 83464 83875 32 530 194 433
7 371 \: 83464 84738 32 530 73 215
7 1972 \+ 85750 85990 431 536 566 494
7 1971 \+ 85530 85748 396 590 431 548
7 1963 \+ 82929 83204 228 604 248 548
7 1970 \+ 85290 85528 316 645 396 602
