= section5.gt 7 3
7 1975 \+ 91917 92168 233 77 387 670
7 1974 \+ 91751 91915 222 118 233 89
7 1973 \+ 91595 91748 281 158 222 130
7 1972 \+ 91445 91592 89 186 281 170
7 373 \: 91210 92424 32 251 536 616
7 1971 \+ 91210 91442 32 251 89 198
7 1970 \+ 91112 91207 155 287 81 272
7 1969 \+ 91007 91110 193 314 155 299
7 1982 \+ 93521 93769 390 312 522 270
7 1968 \+ 90811 91004 84 355 193 326
7 1981 \+ 93291 93518 353 367 390 324
7 1967 \+ 90553 90809 142 423 84 367
7 1966 \+ 90476 90550 32 448 142 435
7 372 \: 90476 91208 32 448 81 272
7 1980 \+ 93003 93289 524 448 353 379
7 1979 \+ 92812 93000 363 489 524 460
7 1965 \+ 90076 90473 201 552 211 469
7 1978 \+ 92525 92809 569 571 363 501
7 1977 \+ 92426 92522 317 596 569 583
7 374 \: 92426 93770 317 596 522 270
7 1964 \+ 89862 90073 277 606 201 564
7 1963 \+ 89744 89859 226 633 277 618
7 1976 \+ 92170 92423 387 658 536 616
7 1962 \+ 89588 89741 32 672 226 645
