= section5.gt 7 3
7 1990 \+ 93327 93611 284 82 363 657
7 380 \: 93228 94572 32 107 522 426
7 1989 \+ 93228 93324 32 107 284 94
7 1988 \+ 92972 93225 102 170 252 127
7 1987 \+ 92719 92970 233 238 102 182
7 1986 \+ 92553 92717 222 279 233 250
7 1985 \+ 92397 92550 281 319 222 291
7 1984 \+ 92247 92394 89 347 281 331
7 1983 \+ 92012 92244 32 412 89 359
7 379 \: 92012 93226 32 412 252 127
7 1982 \+ 91914 92009 155 448 81 433
7 1994 \+ 94323 94571 390 468 522 426
7 1981 \+ 91809 91912 193 475 155 460
7 1980 \+ 91613 91806 84 516 193 487
7 1993 \+ 94093 94320 353 522 390 480
7 1979 \+ 91355 91611 142 584 84 528
7 1992 \+ 93805 94091 524 604 353 534
7 1978 \+ 91278 91352 32 609 142 596
7 378 \: 91278 92010 32 609 81 433
7 1991 \+ 93614 93802 363 645 524 616
